0.000000000000000000e+00,3.462431140686134654e+02,3.261735890243909921e+02,3.482814962068694058e+02,4.490011469914514919e+02,3.396325524734616010e+02,4.128400144701321892e+02,3.125807113080458635e+02,4.411268939261691457e+02,3.978569085527961420e+02,3.512095721406749931e+02,4.474973388317727085e+02,3.974470920115591639e+02,3.942716423067041092e+02,3.064500963988122635e+02,3.563874802165544793e+02,4.433827636493613227e+02,3.590179688043654664e+02,3.753715507590954985e+02,3.108321275840395401e+02,3.908431160216572948e+02,3.484003150600031518e+02,3.352071220166090484e+02,2.808272219171962547e+02,3.388240739197075868e+02,2.635883997076714422e+02,3.833557615153402480e+02,4.298010934785813220e+02,4.293362275133497405e+02,4.432845686618824743e+02,3.914372026151735895e+02,4.273418846347944964e+02,3.711159407501494911e+02,4.074937692430386846e+02,2.919874183510801799e+02,3.346533924655541909e+02,3.567132257166475142e+02,3.677086497516099826e+02,3.871501915772270195e+02,2.924568162519266821e+02,4.030015696216551078e+02,4.064017585801089467e+02,4.501975463722598079e+02,4.811011219189959434e+02,4.727169103231394161e+02,4.850412316381094797e+02,3.331581165162251637e+02,3.856602692638368239e+02,4.054814693476985781e+02,3.540811711216655340e+02,3.758113797390147397e+02,4.321322503033156295e+02,3.625952222653040735e+02,3.782925364912454711e+02,4.618646622644977811e+02,3.258408597192200205e+02,4.531644448004984156e+02,3.833786632317003864e+02,3.996815949157962109e+02,3.601749877607239227e+02,3.689077558686691418e+02,3.802178262758593519e+02,4.281543378291317481e+02,4.144925165248739063e+02,4.122877840355241119e+02,5.725438853092070985e+02,3.483903363332854042e+02,4.268591444991776029e+02,4.256125231815484540e+02,3.421551730970862195e+02,4.112437291667825434e+02,4.352589148541943587e+02,4.410222682655036124e+02,3.583821667648797415e+02,3.532088645005651983e+02,2.691958719839747687e+02,3.834250357830380835e+02,4.213166109031914743e+02,4.620928983624519901e+02,3.927383308941195992e+02,4.354562723590899509e+02,5.513736946115411683e+02
3.462431140686134654e+02,0.000000000000000000e+00,3.436275463901461080e+02,3.851325187013504205e+02,3.828427722732377561e+02,4.837321814297416722e+02,4.881003955646802410e+02,4.481733398930754788e+02,4.927266135535338094e+02,3.303791772005150165e+02,4.949937385132136001e+02,4.955713624623879241e+02,5.399346908181955769e+02,5.285027468195985421e+02,4.383852700574174150e+02,4.024854044047531261e+02,3.525913289576440661e+02,3.429884792064586918e+02,4.977801940755308010e+02,4.580304694500900951e+02,4.292285959801635045e+02,4.601177880415901313e+02,4.762695248348477435e+02,4.396568758721666086e+02,5.017917682870153726e+02,4.245079802827823414e+02,5.071649632493235345e+02,4.571171506982518622e+02,4.565508841123127581e+02,4.866327185398357074e+02,4.881371401036906832e+02,5.392497251243770506e+02,3.742019040196550463e+02,4.907179740498504543e+02,3.578249211482848864e+02,4.327908041169481521e+02,4.383779351530613440e+02,3.676278995981443813e+02,4.646728112294675839e+02,3.713693682706432924e+02,5.034588843286111342e+02,4.495332747163382123e+02,5.353093612389138798e+02,5.233383679488338203e+02,5.328277813798036959e+02,5.410167835362241249e+02,4.701918704132966695e+02,5.336986401080498581e+02,5.240525036310622227e+02,4.919332010011909233e+02,4.908837185631755347e+02,5.116345001451269923e+02,4.018333878659000220e+02,4.800462462792168594e+02,5.089802217949730334e+02,3.832319698132307053e+02,5.463680447407936072e+02,5.080701866554587127e+02,4.976602326883408409e+02,4.426399185401438103e+02,4.847424969028675719e+02,5.018390297753653613e+02,5.029168016082146551e+02,5.273420892499724459e+02,5.063293840160883406e+02,5.735610756569684554e+02,4.807802650720639122e+02,4.617226766745062605e+02,5.207259495329408310e+02,4.975246017781376509e+02,5.248793161252716573e+02,5.049926454519298318e+02,5.281382669732258819e+02,4.828493106964249932e+02,4.742676613405066064e+02,4.293410173712492792e+02,4.909896393347883077e+02,5.048045994957597600e+02,5.584882523277689188e+02,5.056933362004205605e+02,5.651803186031879704e+02,6.564605220188799422e+02
3.261735890243909921e+02,3.436275463901461080e+02,0.000000000000000000e+00,2.229903567446395130e+02,3.307229801443100996e+02,4.620949007705472127e+02,3.416382520953596327e+02,4.267502472381981988e+02,3.941591312925135071e+02,2.525077834462004773e+02,4.629432108831638857e+02,4.627083868604569261e+02,4.896027681708542332e+02,4.847503513568791504e+02,4.265085557031305825e+02,2.688047228742044013e+02,3.323104546546427400e+02,2.780780627925194040e+02,4.666805720702652707e+02,4.046260562872956825e+02,4.852895797469944341e+02,4.372551143946142247e+02,4.431287050029333159e+02,4.007240803539149852e+02,4.518587222229816120e+02,4.018759309484488540e+02,4.549767606369354667e+02,4.899322272429481018e+02,4.891737777770305229e+02,4.260199889960470614e+02,3.600201791935446636e+02,4.191542468313883774e+02,2.730640566188079674e+02,3.863897022062273550e+02,3.073960462245701137e+02,2.929039205640432328e+02,3.237517332248854700e+02,1.747809034124949790e+02,3.497380437693600470e+02,1.603799369500123362e+02,3.802029914593249487e+02,3.333978116087048420e+02,4.253448791064988086e+02,4.393796209774187105e+02,4.106171963453736566e+02,4.230162231627775782e+02,4.512316658403599945e+02,4.849115791193485165e+02,4.014136176023009739e+02,4.693794002775513263e+02,4.724999827400966979e+02,4.274380457580047619e+02,2.701609899131572661e+02,3.495251448525810360e+02,4.204700363423131648e+02,4.396473683400357118e+02,4.563767315298318294e+02,3.872692142109590350e+02,4.126953511187949175e+02,3.147365891178133666e+02,3.699903266221836020e+02,3.960415217642472498e+02,4.028050667718266595e+02,4.287314671821879983e+02,4.404180395952836307e+02,5.248761430820479745e+02,4.556549441033333210e+02,4.895370963888547635e+02,4.463908120389851888e+02,4.420796792758921470e+02,4.034282557446455257e+02,3.713661902845843770e+02,4.445723428834311903e+02,4.446991719189777541e+02,4.835803913254660529e+02,4.372084970372646922e+02,4.767169897281022486e+02,4.332608472986725587e+02,4.910313601172201174e+02,4.000674230281879318e+02,4.714373494067374963e+02,6.139837314365827297e+02
3.482814962068694058e+02,3.851325187013504205e+02,2.229903567446395130e+02,0.000000000000000000e+00,3.691804436254458892e+02,4.125569714839927542e+02,4.362637768044770041e+02,3.617433843116590424e+02,4.397698243995690746e+02,1.981169360004759596e+02,4.141584174439228150e+02,4.169796044119902945e+02,4.717165238962633680e+02,4.366815131329897213e+02,4.138237646277094655e+02,3.019771099303704318e+02,3.962488734971969961e+02,2.525787468416560557e+02,4.343139696560358516e+02,3.518982377211794415e+02,4.581040020649778057e+02,4.199955139447106944e+02,4.016952446053894050e+02,4.230339499705823414e+02,4.302273935501594337e+02,3.753926342318258662e+02,4.572234304884474341e+02,4.745869044499428355e+02,4.731814207488329203e+02,4.635537083874710333e+02,3.007153384361988060e+02,4.082672506194992366e+02,2.461959392705528273e+02,3.288523994197500429e+02,2.787893812577411268e+02,1.926795844543831322e+02,2.630274451950384105e+02,2.427687608295944131e+02,3.591281161154832944e+02,2.693835380114189206e+02,3.273422196974656799e+02,3.717487736790187682e+02,3.874294558703481925e+02,4.841786868794541761e+02,4.988234337207049407e+02,5.109377499533452465e+02,4.289348168549506113e+02,4.413368234503976169e+02,3.505606424591513814e+02,4.309653071791545358e+02,4.806979788727160781e+02,4.363321232727123515e+02,1.717674068501731597e+02,2.818654816675531833e+02,4.637382763825006577e+02,4.604650889485249650e+02,3.949219279674160248e+02,3.532624328248277266e+02,3.667854755660033561e+02,2.419180770203754207e+02,3.378872488575832449e+02,3.595704916768298176e+02,4.200769469874244919e+02,3.808293746572034593e+02,4.071752182621725069e+02,5.862721863417565373e+02,4.614597708893462595e+02,4.736171218895540846e+02,4.338037923633000901e+02,3.947195737036728929e+02,3.821400300896067392e+02,4.606185282602381790e+02,3.914589369436534980e+02,4.543573488627004622e+02,4.446653413882690415e+02,4.651039735544651990e+02,4.705535834925792074e+02,4.325732418723123374e+02,4.604004693087396163e+02,3.630741114294559111e+02,4.416348126353041152e+02,6.089878051385198887e+02
4.490011469914514919e+02,3.828427722732377561e+02,3.307229801443100996e+02,3.691804436254458892e+02,0.000000000000000000e+00,5.114723105686957751e+02,4.884506349986253326e+02,4.858868950169952541e+02,4.899536006853678600e+02,3.096230437096743344e+02,5.042814965687854283e+02,5.197845151054524422e+02,5.578477709469556203e+02,5.324850981477463847e+02,5.006404229331121769e+02,4.101854813180549968e+02,1.988045347541836634e+02,3.776698323551793806e+02,5.465871720093613249e+02,5.017626493967350143e+02,5.490217287835890829e+02,5.074552535344267881e+02,5.077034281362663251e+02,5.058996985310492391e+02,5.308071743128917888e+02,4.988869145395737519e+02,5.501356804434826699e+02,5.657206622652150827e+02,5.654599465152438142e+02,5.174981589872439827e+02,4.690892164550036796e+02,5.140292686592047176e+02,4.136243223701534930e+02,4.905173500384756835e+02,4.255653344684994295e+02,4.209902624334133066e+02,4.325331093308287791e+02,3.099372860695452800e+02,4.851188523369684731e+02,3.835363400216577929e+02,4.830635441028454125e+02,4.551973899632591838e+02,5.095142032433529948e+02,5.174285484561679596e+02,5.252193078199574074e+02,5.302775820885856319e+02,5.377327361714263816e+02,5.465581538799739292e+02,4.923143066358146598e+02,5.326416936729432337e+02,5.534051032049865171e+02,5.192274001959953011e+02,3.806476141985388040e+02,4.636286594202120455e+02,5.065780243644613847e+02,5.386990938881951934e+02,5.212580908144836940e+02,4.877079754848944049e+02,4.936563082840586958e+02,4.390386219444603171e+02,4.798897595608870006e+02,4.914801161082643262e+02,5.154868075505628440e+02,5.035484065546373245e+02,5.210673141572028726e+02,5.669704309784771112e+02,5.496039944132422761e+02,5.680426216628717384e+02,5.453094357892748576e+02,5.173383125714799462e+02,5.010458991892626273e+02,5.051233061059593297e+02,5.091114426219888287e+02,5.450721073322754364e+02,5.009901464888472447e+02,5.176668026176585045e+02,5.531788368778892391e+02,5.179204018417406132e+02,5.516111249957467635e+02,5.012287699778902947e+02,5.525115459570325811e+02,6.480765343313200901e+02
3.396325524734616010e+02,4.837321814297416722e+02,4.620949007705472127e+02,4.125569714839927542e+02,5.114723105686957751e+02,0.000000000000000000e+00,4.748322787386840673e+02,3.231471435801524308e+02,4.897538218346164740e+02,4.531298047328458551e+02,2.904159132095292080e+02,4.008659822757335860e+02,3.536037453042930565e+02,3.262766848552973329e+02,3.380813462216676726e+02,4.465748993798131892e+02,5.195382339835425682e+02,4.528216200225457442e+02,3.534634267171712736e+02,3.269507990479061164e+02,3.141721926284275810e+02,3.348255631293530996e+02,3.185213962864092991e+02,2.920044794183456816e+02,3.060882237126801897e+02,3.007793810004627630e+02,3.877778301896734092e+02,4.376561289705310855e+02,4.364467900067680262e+02,4.841968847853935927e+02,4.033747314502301151e+02,3.864855522995506476e+02,4.745600109182223605e+02,4.228285091979905133e+02,4.167111722358536099e+02,3.730491073985119783e+02,3.623687385901582161e+02,4.418845681963822472e+02,4.063949536112382361e+02,4.314283515517651040e+02,3.847669652104357851e+02,4.493539845253924341e+02,4.220289695982832541e+02,5.106466373161106276e+02,5.130850945139346777e+02,5.244539744616881762e+02,3.390022772883252742e+02,3.329829241713703141e+02,3.772464210825767168e+02,3.187321151386401539e+02,3.422266829170300184e+02,4.485266128062728512e+02,3.981851783868871735e+02,3.659795981843914774e+02,5.008390669359351932e+02,3.868019881270273572e+02,4.298721549265547992e+02,3.759941778178142044e+02,3.935633897594980226e+02,3.867034727348581100e+02,3.681822383827537237e+02,3.701406411812057513e+02,4.434952213241864456e+02,3.906190657686095165e+02,3.952311862808358001e+02,5.996137683406874430e+02,3.613145520210608765e+02,4.454814263169316746e+02,4.287461775410723135e+02,2.943012185821579010e+02,3.688456909040796745e+02,4.878951388325212974e+02,4.116636013673234515e+02,3.497549698978821766e+02,3.110155893065292503e+02,3.192893534569414555e+02,3.486661108305990524e+02,4.360199288743357897e+02,4.349006098721310423e+02,3.936150074613871084e+02,3.913722436634528776e+02,5.076004396987177643e+02
4.128400144701321892e+02,4.881003955646802410e+02,3.416382520953596327e+02,4.362637768044770041e+02,4.884506349986253326e+02,4.748322787386840673e+02,0.000000000000000000e+00,4.853041478772864252e+02,1.837292309513159410e+02,4.691673062088675010e+02,4.586678141868462149e+02,4.523795539561162400e+02,4.458785538272299505e+02,5.069859779251335112e+02,4.068195319704259418e+02,3.486156476538036486e+02,4.751169347724996896e+02,4.155528584762244009e+02,4.717775959475912941e+02,4.537023011416085296e+02,4.996419536380733462e+02,4.660455027951405782e+02,4.649497553942767354e+02,3.653872231134456001e+02,4.729351102652533996e+02,4.366326103391651259e+02,4.354171190381548513e+02,4.528893184901156701e+02,4.530093433541075001e+02,3.924549549066725262e+02,4.200967138437672475e+02,3.192875504159069919e+02,4.186746981335850819e+02,4.102976188139937790e+02,3.812513709833583562e+02,4.070113824924273445e+02,4.225919167611516514e+02,4.283912423462569450e+02,2.700779311941367951e+02,2.834194173184019405e+02,2.807426829280609581e+02,2.932038308214889639e+02,2.612170236704584454e+02,2.680900032528563202e+02,2.043639269685350541e+02,2.381136296578553981e+02,4.519971285575365414e+02,5.009409977976324058e+02,3.699725062365762938e+02,4.158351594164533935e+02,3.806945766334871450e+02,3.469231907119393554e+02,4.549134304511611049e+02,3.605625975109501837e+02,2.326705125329700081e+02,4.368563119385227083e+02,3.985801116851996539e+02,3.628178717542317600e+02,4.075677439378150098e+02,4.393032502367858569e+02,3.918667299518195932e+02,3.132760374802085721e+02,1.657696235641406020e+02,3.154333267906661149e+02,4.316643081836951410e+02,4.431643940785827454e+02,3.713367258196883540e+02,4.570823037277552885e+02,4.183531197146021441e+02,4.645326764182485704e+02,3.307626179649165010e+02,9.988532538675356420e+01,3.219210048688196935e+02,4.343182618995805910e+02,5.199718509707006433e+02,3.923561672268852476e+02,4.056704804013792227e+02,3.549395115578050763e+02,4.388855288238791559e+02,4.438678203430666827e+02,4.030161142856413790e+02,6.256927290660606786e+02
3.125807113080458635e+02,4.481733398930754788e+02,4.267502472381981988e+02,3.617433843116590424e+02,4.858868950169952541e+02,3.231471435801524308e+02,4.853041478772864252e+02,0.000000000000000000e+00,4.661566081366262324e+02,4.257149554442196973e+02,2.201339330910858791e+02,3.914051762900106155e+02,2.870197719773015024e+02,2.851038585654420103e+02,3.224386318945516905e+02,3.783377758591776114e+02,4.772872492858671762e+02,4.061090250938577810e+02,3.420221818571342283e+02,1.655520225493499140e+02,2.920082719300229428e+02,1.786604419779344823e+02,1.724866051251866850e+02,3.070444830954677400e+02,2.582058275719996345e+02,2.390685050456845602e+02,4.246223133413188862e+02,4.274438471817774143e+02,4.260333278543257620e+02,4.543283931686731876e+02,3.604213429595856155e+02,4.393069615143466535e+02,3.929248166895362715e+02,3.982177168171758126e+02,3.534725228135387738e+02,3.330712136230789042e+02,3.375867663923881992e+02,3.946910646410701133e+02,4.492356913221074137e+02,4.147959399089884869e+02,4.295612111626544447e+02,4.350673878590070558e+02,4.753964483444265170e+02,5.020973502101173835e+02,5.376728766037971354e+02,5.495167159732712889e+02,3.447771397301047500e+02,2.874308376372569001e+02,3.973088411774189694e+02,3.869838715272359195e+02,3.547485610772980067e+02,4.435949018630539626e+02,3.413781062112561813e+02,4.065890741978163305e+02,4.836189179980927406e+02,3.777278046850055375e+02,4.459852151359054346e+02,3.848193909641863684e+02,3.989574249076430306e+02,3.042567205023366910e+02,3.763983092759244755e+02,4.160862745721645410e+02,4.811981939916128113e+02,4.223770860214983145e+02,3.904389485966657958e+02,6.008603530996848576e+02,4.316363802369494351e+02,4.308010831590914904e+02,4.177504317630621813e+02,3.177603279378483307e+02,4.148202759751201256e+02,5.034223497225428900e+02,4.558817809172713851e+02,3.119207296473682050e+02,2.586111625298109971e+02,3.858826334488884982e+02,3.400542601397859812e+02,4.187738969246727265e+02,4.715661478225388805e+02,3.229718067500539860e+02,4.139284185164086125e+02,5.763911903394841829e+02
4.411268939261691457e+02,4.927266135535338094e+02,3.941591312925135071e+02,4.397698243995690746e+02,4.899536006853678600e+02,4.897538218346164740e+02,1.837292309513159410e+02,4.661566081366262324e+02,0.000000000000000000e+00,4.757492758242198647e+02,4.606189174758533795e+02,4.368280187018336278e+02,4.373515985312922680e+02,5.084928461935142536e+02,3.999819057215144085e+02,3.072815739972792244e+02,4.618831612426470770e+02,3.857785255855140463e+02,4.914299509207738197e+02,4.438329345149072083e+02,5.056461092724138098e+02,4.659583177808204937e+02,4.498260889825447180e+02,4.093576888856695177e+02,4.913823295082585219e+02,4.625656623066159909e+02,4.626752230168370943e+02,4.619880257762548581e+02,4.630212757352488779e+02,3.664660383775233186e+02,4.393750701205080418e+02,3.455472632927526888e+02,3.971857321845456568e+02,4.256651670309300357e+02,3.635041717764091231e+02,4.113730289725912144e+02,4.457712055912746223e+02,4.554566816875228596e+02,3.364938201691737731e+02,3.492038224464881182e+02,3.008684033130641637e+02,2.423758944187265172e+02,2.918122303313796237e+02,1.518017598861742101e+02,2.486365087748804399e+02,2.769405095376308736e+02,4.750274998211280604e+02,5.106997276547307365e+02,3.730998616634857399e+02,4.443239119523775003e+02,4.035282832364166552e+02,3.272044966140049382e+02,4.721664710769597946e+02,3.682827447780152852e+02,9.501327481479393100e+01,4.509388004639315000e+02,4.011771992813095835e+02,3.807061903718063718e+02,4.243168417188787203e+02,4.541566376170970898e+02,4.142167670696254049e+02,3.469532738068874096e+02,2.315055206645381247e+02,3.341297384585279246e+02,4.480976768932850405e+02,3.987831390512162670e+02,4.024313038740507977e+02,4.717197999505736448e+02,4.346402922386056389e+02,4.854654412885074635e+02,3.414963399999271587e+02,1.921591312651651435e+02,3.319853376891973653e+02,4.465985407815767303e+02,5.127005157014317547e+02,4.335051739071041084e+02,4.079872622439096403e+02,3.408384331495136621e+02,4.546824283109833118e+02,4.664622724609524766e+02,4.166143121970427501e+02,6.349526260729501246e+02
3.978569085527961420e+02,3.303791772005150165e+02,2.525077834462004773e+02,1.981169360004759596e+02,3.096230437096743344e+02,4.531298047328458551e+02,4.691673062088675010e+02,4.257149554442196973e+02,4.757492758242198647e+02,0.000000000000000000e+00,4.515700292183029205e+02,4.603060653837267751e+02,5.085759703737454061e+02,4.740337725172319097e+02,4.589616505444593599e+02,3.622775098724177951e+02,3.424300936501180672e+02,2.356204464605764315e+02,4.826797776425170809e+02,4.184063098338326654e+02,5.072634838277844551e+02,4.671065280000045732e+02,4.437639024867674493e+02,4.571154623145919800e+02,4.641113150004853765e+02,4.165486287011208901e+02,4.676808379737452697e+02,4.987816616202827618e+02,4.978949239302933734e+02,4.939422056417149633e+02,3.772640158201557483e+02,4.577557645150042163e+02,3.482058380992679076e+02,3.977686228441435787e+02,3.559109296473446875e+02,2.881511420067997733e+02,3.023367372222186873e+02,2.299174774897229554e+02,4.050195969845347577e+02,3.280088836365634961e+02,3.868751022394209258e+02,4.229554651026285228e+02,4.332769072799085848e+02,5.113972653040700607e+02,5.194262012376736948e+02,5.290564673526433808e+02,4.551427600429233848e+02,4.820773031102414734e+02,4.046671808469919824e+02,4.364763026231671574e+02,5.050230857804473885e+02,4.835947326102092347e+02,2.472157351280862656e+02,3.527375804154853540e+02,4.946003640174922680e+02,5.058276195943014955e+02,4.481350888546601823e+02,4.097254656708460061e+02,3.904543697995125058e+02,3.228689562990991249e+02,3.846229571820767887e+02,4.035809688306509315e+02,4.556828994155991381e+02,3.968137545651467804e+02,4.544115414734306455e+02,5.918878523848234181e+02,4.670898711180024634e+02,4.990205278627651637e+02,4.968677652569629686e+02,4.299266778519918830e+02,4.364731302871221601e+02,4.884833256273965389e+02,4.224758065112693544e+02,4.903151835348543841e+02,4.476103722657652497e+02,4.803213696699282309e+02,5.031236763870158484e+02,4.800453006240035165e+02,4.862429926773814373e+02,4.024396003999325444e+02,4.787234690502685908e+02,6.219952389748365249e+02
3.512095721406749931e+02,4.949937385132136001e+02,4.629432108831638857e+02,4.141584174439228150e+02,5.042814965687854283e+02,2.904159132095292080e+02,4.586678141868462149e+02,2.201339330910858791e+02,4.606189174758533795e+02,4.515700292183029205e+02,0.000000000000000000e+00,3.975764012238318514e+02,2.458868011385568764e+02,2.275257314259732766e+02,3.249800471214797994e+02,4.705706398756788644e+02,5.044193234425272294e+02,4.521422397379107565e+02,3.079988009460925014e+02,2.839881638366180709e+02,3.317835242392788473e+02,2.442955698221269643e+02,1.999650091267321841e+02,2.712474391841210490e+02,2.655565118715612698e+02,3.157314593347195455e+02,3.615484754734254693e+02,3.976925826364205250e+02,3.968221760931990048e+02,4.498047088678645196e+02,3.853913293981232755e+02,4.106476646922282043e+02,4.485579173108378654e+02,3.948580245871086163e+02,4.135118912692331605e+02,4.123392857818587345e+02,3.819121658506395534e+02,4.318921697731352083e+02,4.243772181250398035e+02,4.581877375645436814e+02,4.040430732841118129e+02,4.397008554959538742e+02,4.353050922761652828e+02,4.850143110154779151e+02,4.976013967245114600e+02,5.085492567418964995e+02,2.985250593571287823e+02,2.439243569870849058e+02,3.434885158025301735e+02,3.201196521810315971e+02,3.190488503079612883e+02,4.039191557826472376e+02,4.053213985561736195e+02,3.936655860110861340e+02,4.726188264018285849e+02,3.824016718830912964e+02,3.969457891870610524e+02,3.989267003432128149e+02,3.759836844695669811e+02,3.764963303789044176e+02,3.925571049012215781e+02,3.982429500263422710e+02,4.530310927881723160e+02,3.754538244084322969e+02,3.806234305778092448e+02,5.827024254659311282e+02,3.647259153569662544e+02,4.097188425000010170e+02,3.999800717611367418e+02,3.019751074450716146e+02,3.880778446725471440e+02,4.710951715624343592e+02,4.105610126701162130e+02,3.020475397854102084e+02,2.983630350521126502e+02,3.525761434183127108e+02,3.062277393689947758e+02,3.887159893446074079e+02,4.130150904442377851e+02,3.352714156555787781e+02,3.633225918813989210e+02,5.176913508215850470e+02
4.474973388317727085e+02,4.955713624623879241e+02,4.627083868604569261e+02,4.169796044119902945e+02,5.197845151054524422e+02,4.008659822757335860e+02,4.523795539561162400e+02,3.914051762900106155e+02,4.368280187018336278e+02,4.603060653837267751e+02,3.975764012238318514e+02,0.000000000000000000e+00,4.100344136208035479e+02,4.280676970505646750e+02,4.316463609886738482e+02,4.547441117944142661e+02,4.880739356982319919e+02,3.584030715570947336e+02,3.287364957572799540e+02,3.648973626607640313e+02,3.498168041599508342e+02,3.725353744763742156e+02,3.740126667102154556e+02,3.817915467787866532e+02,4.250537825797973710e+02,3.921095100170747969e+02,3.410043698082466790e+02,3.430466536782588491e+02,3.435867825873905872e+02,3.909601898433418796e+02,4.132802676067348102e+02,3.953777179281128156e+02,3.907811509821485174e+02,3.895396066049312367e+02,3.410007585749064560e+02,4.396462218934494217e+02,4.050735234116648371e+02,4.618224255987972811e+02,4.210147113126182603e+02,4.533046468892670191e+02,4.352335946665981510e+02,4.556975550230822023e+02,4.318808457180768983e+02,4.418266742084643397e+02,4.586107320677513144e+02,4.649638658041748727e+02,3.661343884983377848e+02,4.245933494151758509e+02,3.880153995222044045e+02,3.970445633976226532e+02,3.657629625441871326e+02,3.885726957812823912e+02,3.772714908875959736e+02,4.449888523472343422e+02,4.372942685142137407e+02,4.613554619959281808e+02,3.925687936058810692e+02,4.001778121637997288e+02,3.938279258027712899e+02,4.054955906758352171e+02,4.247951601267923820e+02,3.969738990445370064e+02,4.144558361375399045e+02,4.026496050529987656e+02,1.987947275321504890e+02,5.155122494158417794e+02,3.984217801804275041e+02,3.452342896505771250e+02,3.174125901648783952e+02,4.132938130414878515e+02,3.947349084702906339e+02,4.496259850638575699e+02,3.964080472629390783e+02,3.737503093447280094e+02,4.130542246400199247e+02,4.494444863461536670e+02,3.576124602374426900e+02,3.828732023384142735e+02,3.834356470273964987e+02,4.017893108304014049e+02,4.074613124339929868e+02,5.305240132136344755e+02
3.974470920115591639e+02,5.399346908181955769e+02,4.896027681708542332e+02,4.717165238962633680e+02,5.578477709469556203e+02,3.536037453042930565e+02,4.458785538272299505e+02,2.870197719773015024e+02,4.373515985312922680e+02,5.085759703737454061e+02,2.458868011385568764e+02,4.100344136208035479e+02,0.000000000000000000e+00,2.967649750109457614e+02,3.720517339008036970e+02,4.886803345754806287e+02,5.455515695835296128e+02,4.757828691801957461e+02,3.623020664795597554e+02,3.358835990181704005e+02,3.709069159216625167e+02,2.883788809307208680e+02,2.198016439576725531e+02,3.242406741641215149e+02,3.122338479205579347e+02,3.820893066873102839e+02,3.748421940230353471e+02,4.287964144112669373e+02,4.292321733289813892e+02,4.544866410218929218e+02,4.267094468999488868e+02,3.505058067749595807e+02,4.970678280431267240e+02,4.184469752205401392e+02,4.541344532454281762e+02,4.468267513110567961e+02,4.246362344118363126e+02,4.816383207702081677e+02,4.705126337439908184e+02,4.865731506936883193e+02,3.880016250660005994e+02,4.839139927261604157e+02,4.007550149150390553e+02,4.559319615719475678e+02,4.779078410109290189e+02,4.896695622660805043e+02,3.748562577716528494e+02,2.946098873167891838e+02,3.443745327422590208e+02,3.122397806533344919e+02,2.545077525547347079e+02,3.963829669570777128e+02,4.680357393512886119e+02,4.396762932499553926e+02,4.440042716723385183e+02,4.135522476397094920e+02,3.796131389694489258e+02,3.809835853939711683e+02,4.060888658370768098e+02,4.308563215146190259e+02,4.388193384585744070e+02,3.626886433404968102e+02,4.428238499362103084e+02,3.522229317957022090e+02,4.266780998579292259e+02,5.624364889039140962e+02,3.208673858058418773e+02,4.326913565614042909e+02,4.058495839134855032e+02,3.216379219880731171e+02,3.545958989656782592e+02,4.503968879649624455e+02,3.726181762507571307e+02,2.943905348828869251e+02,3.715752286693977453e+02,3.734619599765210296e+02,2.700129220946096211e+02,3.788203452631420873e+02,4.128689114743351070e+02,3.782342302816364850e+02,3.102034430941475307e+02,5.085252825364663067e+02
3.942716423067041092e+02,5.285027468195985421e+02,4.847503513568791504e+02,4.366815131329897213e+02,5.324850981477463847e+02,3.262766848552973329e+02,5.069859779251335112e+02,2.851038585654420103e+02,5.084928461935142536e+02,4.740337725172319097e+02,2.275257314259732766e+02,4.280676970505646750e+02,2.967649750109457614e+02,0.000000000000000000e+00,3.428848505377567335e+02,4.813934930729805046e+02,5.368425175819152173e+02,4.629214899897053215e+02,3.098135911742946291e+02,3.150396214691644445e+02,3.644606323725764696e+02,2.759544787271061068e+02,2.281050732480972272e+02,3.351094120053803636e+02,1.889623210160646352e+02,3.427524775161315915e+02,3.578115401481496747e+02,4.162427390480145846e+02,4.156552510912602543e+02,4.620573917418008705e+02,3.451032737685739562e+02,4.229509328294840316e+02,4.985682263212090675e+02,3.608761703564397862e+02,4.571727461185722063e+02,3.917022336107236242e+02,3.766483159568488759e+02,4.445807326003313165e+02,4.315391102942955968e+02,4.697660290013543545e+02,4.211663572394863309e+02,4.575921003384650021e+02,4.596228444651138147e+02,5.340434375545187322e+02,5.467429438200010736e+02,5.580540530680091251e+02,3.210071093311925097e+02,1.003302737931830393e+02,3.428790977820198691e+02,3.370003245229760296e+02,3.690667271875897768e+02,4.653144603676141173e+02,4.365353107680435869e+02,3.740669059371718959e+02,5.210547838803565810e+02,3.794005484173467835e+02,4.243555609211492197e+02,3.557573708805376782e+02,3.512327223710763064e+02,3.794434845330804933e+02,3.502323515092797948e+02,4.235217677875547224e+02,4.890116269846213868e+02,4.125352483292212469e+02,4.329698981819749974e+02,6.324378464481994797e+02,3.947500423984636200e+02,4.239484919485379919e+02,3.862512435124215244e+02,2.441063254716264055e+02,4.004427038015122662e+02,5.195341726528996560e+02,4.122146890908592809e+02,2.715882642190270531e+02,3.103867264954845950e+02,3.826892558988994892e+02,3.725222871089407590e+02,4.433073598632347512e+02,4.596691920107097076e+02,2.941353051825742568e+02,4.079111264006964461e+02,5.516636616999978742e+02
3.064500963988122635e+02,4.383852700574174150e+02,4.265085557031305825e+02,4.138237646277094655e+02,5.006404229331121769e+02,3.380813462216676726e+02,4.068195319704259418e+02,3.224386318945516905e+02,3.999819057215144085e+02,4.589616505444593599e+02,3.249800471214797994e+02,4.316463609886738482e+02,3.720517339008036970e+02,3.428848505377567335e+02,0.000000000000000000e+00,3.651054660380462451e+02,4.981945968442153685e+02,4.047387524312315463e+02,3.440270874524319993e+02,2.772387757633943011e+02,3.705291108741187145e+02,3.528901105396496973e+02,3.179425466306171302e+02,2.270787718350915725e+02,3.193277733560681781e+02,2.880861752971625265e+02,3.677584442849309880e+02,3.948117857463506084e+02,3.951092559304373140e+02,4.102662809310555190e+02,3.783379482762529165e+02,4.160244396195536183e+02,3.809242704094679084e+02,3.815244603554108380e+02,3.186065089884627355e+02,3.711312731729252050e+02,3.870207319685949301e+02,4.479709341536416787e+02,3.481416463185899488e+02,3.941413668669281947e+02,3.767779481256540635e+02,3.264354525000630360e+02,4.210911072100714136e+02,4.486068040153090237e+02,4.819307168320676737e+02,4.972550209082683068e+02,3.180530896745891027e+02,3.473393072304400562e+02,3.604689889982611248e+02,3.597240637828284662e+02,3.287108461166517372e+02,3.578600777934511257e+02,4.299931637014791477e+02,3.369912138648875271e+02,4.258615545545799250e+02,2.280021173817245881e+02,3.978302068841492769e+02,3.856631817947223908e+02,3.787942023071651647e+02,3.961950087584221478e+02,3.597732776358614046e+02,3.849301286012899936e+02,4.082006628334640368e+02,4.018661599364688186e+02,4.267604772758037939e+02,5.620889057139752367e+02,3.486198809202319353e+02,4.047781384430003300e+02,3.853777096522718466e+02,2.986904561220035248e+02,3.924593988185371245e+02,4.360677030678122605e+02,4.080630543712193798e+02,2.818153098708000925e+02,3.639857634352663354e+02,2.703198605564355717e+02,3.530910907491180524e+02,3.489375429549011187e+02,4.387231220820318072e+02,3.783554831081492011e+02,4.420833980908710146e+02,5.884453477996047468e+02
3.563874802165544793e+02,4.024854044047531261e+02,2.688047228742044013e+02,3.019771099303704318e+02,4.101854813180549968e+02,4.465748993798131892e+02,3.486156476538036486e+02,3.783377758591776114e+02,3.072815739972792244e+02,3.622775098724177951e+02,4.705706398756788644e+02,4.547441117944142661e+02,4.886803345754806287e+02,4.813934930729805046e+02,3.651054660380462451e+02,0.000000000000000000e+00,3.893214972557444753e+02,2.716231827145189754e+02,5.044789952524690193e+02,3.626944449273137820e+02,4.549428178610549480e+02,4.336930221462266672e+02,4.090104043529247519e+02,3.978163801323230473e+02,4.553741110592487757e+02,3.785247805538111265e+02,4.820704008090384605e+02,4.928621528436788708e+02,4.924404918177881996e+02,4.277724982824537392e+02,3.950620289218250036e+02,4.548998912152191565e+02,2.653677806680079243e+02,4.287100855767465646e+02,2.889002390328453771e+02,2.422165278055139765e+02,2.990227341992726338e+02,3.395933734704462381e+02,3.365345573398323040e+02,1.746265490807356571e+02,3.704765623998571300e+02,1.971513703145320164e+02,4.207267441933624355e+02,3.733274552681796763e+02,4.342800804038657816e+02,4.504343301852408672e+02,4.833482698272038647e+02,4.829339940693791959e+02,4.127178431191304071e+02,4.932372071542556569e+02,4.724721333110173873e+02,4.237122172590286482e+02,3.389289134378220751e+02,3.311046968115637128e+02,3.449939616742482826e+02,4.256886150559384419e+02,4.835882721291758344e+02,3.988342795947514787e+02,4.189823933757708687e+02,3.123261357638583036e+02,3.532024191937737214e+02,3.883888400843322302e+02,4.133579932953947491e+02,4.240898560900511143e+02,4.520355326583289184e+02,5.098986517456351066e+02,4.837900530627330227e+02,4.943811061813797778e+02,4.837790175147271725e+02,4.607991527320316436e+02,4.384632501985003614e+02,3.851216862219005179e+02,4.125639827817424248e+02,4.230344461024576503e+02,4.266861691901524409e+02,4.350855018299924950e+02,4.853037624863786732e+02,4.338617065528955550e+02,5.232271287442573566e+02,4.320356109763873746e+02,5.101840255336913970e+02,6.566111772860738256e+02
4.433827636493613227e+02,3.525913289576440661e+02,3.323104546546427400e+02,3.962488734971969961e+02,1.988045347541836634e+02,5.195382339835425682e+02,4.751169347724996896e+02,4.772872492858671762e+02,4.618831612426470770e+02,3.424300936501180672e+02,5.044193234425272294e+02,4.880739356982319919e+02,5.455515695835296128e+02,5.368425175819152173e+02,4.981945968442153685e+02,3.893214972557444753e+02,0.000000000000000000e+00,3.636586052933370183e+02,5.344083210723719048e+02,4.965879905323752723e+02,5.083722015645445254e+02,4.850449755738379736e+02,4.958953201375240951e+02,5.043812949479465715e+02,5.229347484370919119e+02,4.934110944863614918e+02,5.372844171380392027e+02,5.250938169072777555e+02,5.252867603879134322e+02,4.757310461041854524e+02,4.787292192213822091e+02,5.162769682948774062e+02,3.835297817648895489e+02,4.907063748310835081e+02,4.068338596050511455e+02,4.419324653955869167e+02,4.396354145699632454e+02,3.357945172569469605e+02,4.778649448308394199e+02,3.781886951764406035e+02,4.972513803196970343e+02,4.309293686856034924e+02,5.189893695187320191e+02,4.870245199684236468e+02,5.087820752944930973e+02,5.132494022231331883e+02,5.270410333733497055e+02,5.467051652145788694e+02,5.018763192102587141e+02,5.399874711173195010e+02,5.363726001849138356e+02,5.125264132202752307e+02,3.898381486807946317e+02,4.807995283248624787e+02,4.772408438676995956e+02,5.106304251202577120e+02,5.361270328081293428e+02,4.942766717933927794e+02,4.918916649399402559e+02,4.425335704752564538e+02,4.824855561729112310e+02,4.942035833784085526e+02,5.054148282007610078e+02,5.095328003986555814e+02,4.985882945395170509e+02,5.184653428461339217e+02,5.440369790175193430e+02,5.287180472036849324e+02,5.315653466692597249e+02,5.281351972340199836e+02,5.053921934644444605e+02,4.905393332746954798e+02,5.210418624051244478e+02,5.203546356330033404e+02,5.086571047081681627e+02,5.192687060046722536e+02,5.341310245693736078e+02,5.050541932474345117e+02,5.483768162580238368e+02,4.970941778354620624e+02,5.427213850893411973e+02,6.320241643533827300e+02
3.590179688043654664e+02,3.429884792064586918e+02,2.780780627925194040e+02,2.525787468416560557e+02,3.776698323551793806e+02,4.528216200225457442e+02,4.155528584762244009e+02,4.061090250938577810e+02,3.857785255855140463e+02,2.356204464605764315e+02,4.521422397379107565e+02,3.584030715570947336e+02,4.757828691801957461e+02,4.629214899897053215e+02,4.047387524312315463e+02,2.716231827145189754e+02,3.636586052933370183e+02,0.000000000000000000e+00,4.320011400040315266e+02,3.767683471089833915e+02,4.690693530630063606e+02,4.360469254856176917e+02,4.056390664552576482e+02,4.211822822220480589e+02,4.576623620532772065e+02,3.841872846414430569e+02,4.101683424418362165e+02,4.228773740764121953e+02,4.240508560235811046e+02,4.254905429151448288e+02,3.725116082937930173e+02,4.330258298772238845e+02,2.422546391406867770e+02,3.651152830390167310e+02,2.442871283184608160e+02,2.977270833519737607e+02,3.161663300080676891e+02,3.152178969280904539e+02,3.480084591924371580e+02,2.866792359464458855e+02,3.733446602040081075e+02,3.290467652854770222e+02,4.162528541992838313e+02,4.284551413129000821e+02,4.721215884250339627e+02,4.835831703608998282e+02,4.036161820623121343e+02,4.687425922452327995e+02,3.910840841272756734e+02,4.088579070903871866e+02,4.554837239996381868e+02,3.984540130787716521e+02,2.815710532438705513e+02,3.467114258210667685e+02,4.084274264507466228e+02,4.469061643184115269e+02,4.050152068834651686e+02,3.937391782242426075e+02,3.736326614718309429e+02,3.299895093799287906e+02,3.776088379612952508e+02,3.855502567918944123e+02,4.051438452126818675e+02,3.925563185370577344e+02,4.003287356221509867e+02,5.251522265590832603e+02,4.016921126737146892e+02,4.185852883474901773e+02,4.394341888077215117e+02,4.260037160704778785e+02,4.166694849068600774e+02,4.368329742775721343e+02,3.927358825535578148e+02,4.365472297591711026e+02,4.220775171529743375e+02,4.356134552343719406e+02,4.577138525324817806e+02,3.909584393801602005e+02,4.282368059041940000e+02,4.004004601136961128e+02,4.694954032910050046e+02,6.083100805769204271e+02
3.753715507590954985e+02,4.977801940755308010e+02,4.666805720702652707e+02,4.343139696560358516e+02,5.465871720093613249e+02,3.534634267171712736e+02,4.717775959475912941e+02,3.420221818571342283e+02,4.914299509207738197e+02,4.826797776425170809e+02,3.079988009460925014e+02,3.287364957572799540e+02,3.623020664795597554e+02,3.098135911742946291e+02,3.440270874524319993e+02,5.044789952524690193e+02,5.344083210723719048e+02,4.320011400040315266e+02,0.000000000000000000e+00,3.154249224935786629e+02,3.223162652066445730e+02,3.266245775751997940e+02,3.056247543758423149e+02,3.007129664615891897e+02,3.069721820196760973e+02,2.956783784632353331e+02,2.455271627937969185e+02,2.955370149471066838e+02,2.955063521480192890e+02,4.171453753525757406e+02,3.619695262430335561e+02,4.207046658511490591e+02,4.408581615461502565e+02,3.438407479281297014e+02,4.240703227576731251e+02,4.487765057107144457e+02,4.241333006979953666e+02,4.616550109247233422e+02,3.487957371509350537e+02,4.618197530181558932e+02,4.298627140196291521e+02,4.569571726514992633e+02,4.632675131799780388e+02,5.170130545665460886e+02,5.144653851217467491e+02,5.271155192306689514e+02,1.564080173487475918e+02,3.059184016347560373e+02,3.397590112730964620e+02,3.455163216019894321e+02,3.481319480784774214e+02,3.863269934639175744e+02,4.032587067137806685e+02,3.857938136307842001e+02,5.048666268744347576e+02,3.703846562464958652e+02,3.641061030171573520e+02,3.855604813199935279e+02,3.613819732886561837e+02,4.141134211276532255e+02,3.826079465515066431e+02,4.061218541877850612e+02,4.326022664810071774e+02,4.137751916543500101e+02,3.159495908406813101e+02,6.105708755866011188e+02,3.125155496834835276e+02,2.961429053539172855e+02,2.441712737858854609e+02,3.036275052178852434e+02,3.876469248548658015e+02,4.856764901755515211e+02,4.438857477825719116e+02,2.996140048041597197e+02,4.012996657087114158e+02,3.619937441306887536e+02,3.386285926561894826e+02,3.572814672888036966e+02,3.742560280263683694e+02,3.348188071620066921e+02,4.131109651865310752e+02,5.630633294931069486e+02
