0.000000000000000000e+00,3.566422551718538216e+03,4.376212615844937318e+03,3.373627041685422682e+03,1.009993728955205734e+04,6.285072833355512557e+03,1.460255246126218844e+04,4.367284249882260156e+03,1.737371364350464501e+04,5.651254694112532889e+03,8.238858665111014489e+03,2.803261082210181848e+04,1.528419542052231009e+04,8.036164881727740976e+03,6.516849687648215877e+03,5.357831129564209732e+03,9.776327574320917847e+03,6.423857160501488579e+03,1.438650497985823131e+04,6.984221740382561620e+03,1.207844230180794511e+04,9.189030901300693586e+03,8.810030534323395841e+03,9.035568193719705960e+03,5.883412641404557689e+03,4.217496150504061916e+03,1.763575041627480095e+04,1.820722992707687445e+04,1.817430657995370348e+04,2.772921602456005348e+04,7.522415436408276037e+03,1.976765900100515864e+04,6.926904547729417573e+03,1.177179993499506054e+04,7.561437263961763165e+03,4.097112812824771026e+03,4.615714309337694431e+03,5.890101662271718851e+03,1.004195510231291701e+04,3.658649525663915483e+03,1.175783816792048310e+04,8.759623108241983573e+03,2.087840163772892629e+04,2.657527503166140013e+04,2.845132229663992985e+04,3.313655637589490652e+04,8.398564396847279568e+03,9.416544107257224823e+03,1.774505266598139497e+04,9.955263365382190386e+03,1.233003485570359226e+04,2.544543209047906930e+04,4.403422472322488829e+03,7.544919022625106663e+03,2.194531663641417617e+04,6.518915145538735487e+03,2.446319125928204448e+04,1.117053763270430863e+04,1.195288671488949876e+04,4.219877379644022767e+03,7.268985878918598246e+03,1.120492330583696457e+04,1.896404210105017773e+04,1.705580777170739384e+04,2.426685791180249362e+04,6.568528984526595741e+04,1.296545421225874998e+04,1.872316304204971311e+04,2.491029770419759734e+04,6.107686407431503540e+03,1.526412782370979039e+04,1.915939579432674509e+04,2.279128238619197873e+04,1.119636021707930922e+04,3.866440652690818297e+03,5.996061957506325598e+03,1.213385149149698373e+04,2.163527820503193652e+04,2.987849411799504378e+04,9.379125044463253289e+03,2.236398492279757193e+04,7.677986920518008992e+04
3.566422551718538216e+03,0.000000000000000000e+00,2.259975692602838080e+03,2.759027929505137308e+03,7.050057773991200520e+03,9.726821009951223459e+03,1.710960302424996189e+04,7.464286109432413468e+03,1.982717141407606687e+04,2.600741490350942513e+03,1.148965942489570443e+04,3.116956286177584116e+04,1.831679982012076653e+04,1.121761850777716245e+04,9.609434786903337226e+03,7.026691027931627104e+03,6.971653023693070281e+03,8.433382092540789017e+03,1.756450833539450468e+04,1.016878751078054665e+04,1.547920696659000714e+04,1.208858627384424835e+04,1.192962072057096157e+04,1.232945489765784987e+04,8.968238715856350609e+03,7.495246532751425548e+03,2.084051610981704653e+04,2.125913908433477991e+04,2.122768596845516367e+04,3.012670733958216806e+04,9.592028607336307687e+03,2.228443681290614040e+04,9.021030303629187983e+03,1.425261737316067411e+04,9.921845543460985937e+03,6.018813932851669051e+03,5.952754423451953699e+03,3.135419167377772283e+03,1.252534344209756819e+04,4.719453033349025645e+03,1.431108423339101682e+04,1.099590828830123064e+04,2.344278788845407325e+04,2.906218164966681798e+04,3.097783422039460493e+04,3.566131343280558212e+04,1.163809631744390936e+04,1.257213816914027120e+04,2.051679183940788062e+04,1.282277410840698940e+04,1.541118085148175487e+04,2.808214134805130379e+04,3.668644782111405220e+03,9.996974902521207696e+03,2.442159965113667204e+04,9.624365946388154043e+03,2.716359745045684031e+04,1.354604531893141029e+04,1.428797798960208274e+04,5.879081720638686420e+03,9.637751895045748824e+03,1.362421735864746006e+04,2.151216845553654639e+04,1.975689325129155259e+04,2.747003441839336665e+04,6.817317181658041955e+04,1.592499871428751976e+04,2.181369349435648837e+04,2.797743779432266456e+04,8.873629213047861413e+03,1.775618680140041033e+04,2.168257150922076471e+04,2.547321717190245181e+04,1.418731701559918656e+04,7.254266352672153516e+03,9.052876372867647660e+03,1.513509768127413372e+04,2.428581561892055106e+04,3.243932658309068574e+04,1.182859218698153745e+04,2.497646425440605162e+04,7.944426734524853237e+04
4.376212615844937318e+03,2.259975692602838080e+03,0.000000000000000000e+00,1.595747979521072921e+03,6.946486061168845481e+03,1.028130213868114697e+04,1.655504386738259200e+04,7.605973660641448078e+03,1.924599828747300853e+04,2.181729778372081910e+03,1.162609209770876987e+04,3.080084693957979107e+04,1.824881523024851049e+04,1.138032471675365014e+04,9.553934107866696650e+03,6.074754911063660074e+03,7.117183914616920447e+03,7.712635281237194249e+03,1.749615638308340567e+04,1.011140676641084247e+04,1.565831477786353571e+04,1.202545926777984823e+04,1.191987649506106936e+04,1.230509468619597646e+04,9.195037581261634841e+03,7.756733715947937526e+03,2.060818216404728446e+04,2.093313550744122040e+04,2.089988902614913968e+04,2.957995786785655946e+04,9.057514567901134797e+03,2.182879398270854290e+04,8.141603290123774968e+03,1.377488752014006604e+04,9.464390000879087893e+03,5.277505083496226689e+03,5.297283279853052591e+03,2.500012792099450508e+03,1.195234856667270469e+04,3.720048986996270287e+03,1.376988443438281865e+04,1.024824811433197283e+04,2.296827587009131094e+04,2.854955777457141448e+04,3.050770825229959519e+04,3.520526937354327674e+04,1.172689239071199154e+04,1.261851392641901111e+04,2.000026789350657418e+04,1.286704842763169654e+04,1.535269705762219201e+04,2.762357516583727556e+04,2.885274049998617556e+03,9.389041605280706790e+03,2.388082115416374290e+04,9.673996124530658562e+03,2.677242744824882902e+04,1.304670768524703635e+04,1.387197485665456588e+04,5.212685211691459699e+03,9.065286175564888254e+03,1.309732016942176233e+04,2.102189781613861487e+04,1.926877408700412707e+04,2.725359677290145555e+04,6.773883118140649458e+04,1.585047748258342654e+04,2.146761696602808297e+04,2.755965073565119019e+04,9.074126907077838041e+03,1.727985101919920271e+04,2.116725408263796635e+04,2.498667527129355585e+04,1.405355666799954633e+04,7.823533340243293424e+03,9.318351586024809876e+03,1.510714949495857945e+04,2.390305215301959834e+04,3.213890742324019448e+04,1.147487522471584452e+04,2.469525368416889614e+04,7.933963590894707886e+04
3.373627041685422682e+03,2.759027929505137308e+03,1.595747979521072921e+03,0.000000000000000000e+00,8.169335569791118360e+03,8.942385207102517597e+03,1.525961070882129570e+04,6.158511167548806952e+03,1.797635903623649938e+04,3.424851412345411973e+03,1.020656870366311341e+04,2.935261765050264876e+04,1.685786978256700240e+04,9.976819125905585679e+03,8.112737245372705729e+03,4.788191856008226750e+03,8.137987034560196662e+03,6.602732748241016452e+03,1.602021116045515555e+04,8.643729749853811882e+03,1.421388531001589581e+04,1.062692928462404598e+04,1.049887607197820398e+04,1.085274543045394785e+04,7.812773492963610806e+03,6.357292057611955897e+03,1.920297927730032461e+04,1.953560381852666615e+04,1.950127120853323140e+04,2.831521203715669253e+04,7.790407408696592029e+03,2.055213845187699917e+04,6.846572750917491248e+03,1.249275624636285465e+04,8.294957970275612752e+03,3.867604640503427618e+03,4.056015122973360121e+03,3.642948499263819940e+03,1.061389916145040843e+04,2.439066279510248933e+03,1.242653632961631956e+04,8.943010622015177432e+03,2.168276282300536332e+04,2.730580149861053724e+04,2.926070577020001292e+04,3.396723186379218532e+04,1.033059350988457118e+04,1.120223881667820024e+04,1.862966492599609046e+04,1.155527121249085394e+04,1.394730709955133898e+04,2.634197472705119435e+04,2.367147380731678822e+03,8.004097043627392850e+03,2.262585139671749494e+04,8.261963499930903708e+03,2.547022375220914182e+04,1.176444170634760121e+04,1.263145008824234719e+04,3.891816032534275564e+03,7.725886237085247558e+03,1.178867703922843793e+04,1.973597676530373792e+04,1.793064916908021405e+04,2.583415258805908525e+04,6.653587247536204814e+04,1.449434806088089317e+04,2.006647701639805746e+04,2.614195967141076471e+04,7.728889656909299447e+03,1.598710543873462666e+04,1.989305177839224780e+04,2.366368253722220106e+04,1.266405133499039584e+04,6.507515703577490058e+03,7.973955523363953034e+03,1.371231219449105447e+04,2.260786813667468232e+04,3.091480324324354297e+04,1.018977069169991773e+04,2.343000124869891442e+04,7.814020897372251784e+04
1.009993728955205734e+04,7.050057773991200520e+03,6.946486061168845481e+03,8.169335569791118360e+03,0.000000000000000000e+00,1.595877130161782770e+04,2.240786783623889278e+04,1.323630460136923102e+04,2.499000931032701556e+04,4.991703000996840274e+03,1.707613082285238124e+04,3.685100584772556613e+04,2.358282219759886721e+04,1.679524100131044906e+04,1.561115759082304794e+04,1.249433078828690304e+04,2.888350406442959866e+03,1.406651377032340315e+04,2.297646081858553953e+04,1.607891569014282686e+04,2.141020494019401303e+04,1.725441352945344261e+04,1.749712532753158303e+04,1.823953717454772413e+04,1.470890540651736956e+04,1.358035326241338225e+04,2.649316508876934313e+04,2.679504262736489909e+04,2.678922258284870622e+04,3.455378159971311834e+04,1.472757080910138029e+04,2.731818878467385366e+04,1.451613698301722980e+04,1.949310401795536018e+04,1.626825694808407752e+04,1.170602530800128625e+04,1.099875291436502630e+04,4.690666012509866050e+03,1.795851135113865530e+04,1.034344309810332015e+04,1.971609191170936901e+04,1.640711230554464782e+04,2.857606969354875764e+04,3.404552228023698262e+04,3.596750599684845656e+04,4.058718051418126561e+04,1.754503534788690376e+04,1.807754729554991354e+04,2.570140469085704535e+04,1.836320544651669115e+04,2.093342719280399979e+04,3.298147285409675533e+04,7.673608392152272245e+03,1.556601812965683712e+04,2.948473417018152759e+04,1.558931818345789361e+04,3.210460821803828367e+04,1.871008238120549504e+04,1.946719776844197258e+04,1.115238829452111167e+04,1.497908011682572214e+04,1.882239461008345825e+04,2.667398804089236728e+04,2.503703575198804174e+04,3.347413451634534431e+04,7.284503251250827452e+04,2.154542005501304811e+04,2.741370508220401098e+04,3.355489440878443565e+04,1.444786317242948826e+04,2.287820208960620948e+04,2.685258481790117003e+04,3.050447736972681741e+04,1.966286379786524049e+04,1.353273356461912772e+04,1.489195479618271384e+04,2.055567171968529146e+04,2.910722299882740117e+04,3.703447956189231627e+04,1.674741784556050334e+04,2.987550817633034967e+04,8.383523376966136857e+04
6.285072833355512557e+03,9.726821009951223459e+03,1.028130213868114697e+04,8.942385207102517597e+03,1.595877130161782770e+04,0.000000000000000000e+00,1.139489374755337667e+04,3.877309794330644763e+03,1.404429363126760654e+04,1.168404719801950159e+04,3.792611979442406209e+03,2.320692330168280387e+04,1.043906997994213816e+04,3.784675013022069379e+03,3.749890294829602681e+03,7.400723436119299549e+03,1.544339180454615416e+04,7.956106668221447762e+03,9.455540354324104555e+03,3.798729115342604018e+03,6.455469520498448219e+03,5.687552765291839023e+03,4.939726306326187114e+03,4.404286772562359147e+03,3.304876061256883986e+03,3.178378186278450812e+03,1.283582417641375832e+04,1.373896457795228707e+04,1.369156838827867250e+04,2.391218611199987572e+04,6.944272711550527674e+03,1.593035305992832764e+04,7.662709721725623240e+03,9.127492694873999426e+03,7.190378228279952964e+03,6.651401298753118681e+03,7.287415478173889824e+03,1.182414748258297550e+04,7.843566508437593257e+03,7.758671861854606504e+03,8.873455158661421592e+03,7.701701190837728973e+03,1.700493966635843753e+04,2.268065121415052272e+04,2.439750904235111011e+04,2.898575369187576507e+04,4.272696412644994780e+03,4.995841009400502116e+03,1.369221213916164561e+04,6.168003811241325820e+03,7.713175502946509368e+03,2.147512084688802133e+04,9.402687946429210569e+03,6.408694235182050761e+03,1.825867985309993674e+04,3.652975542677362228e+03,2.035292844453627549e+04,8.651405282429432191e+03,9.503651225434678054e+03,6.941084770663921518e+03,6.460514567680659638e+03,8.686080659549206757e+03,1.526460567593703672e+04,1.323265091273579856e+04,1.947876053368179055e+04,6.133895458594966476e+04,8.502382448687716533e+03,1.425082716254527077e+04,2.016264236863102633e+04,4.054794393170211151e+03,1.181775964425782513e+04,1.549440099404007742e+04,1.865291201688616275e+04,6.998342858614324541e+03,2.932821052689971111e+03,3.269614932108609537e+03,7.614376341371849776e+03,1.773844575044913654e+04,2.580154566309112488e+04,7.251052202579680852e+03,1.818177905236531660e+04,7.199081934330897639e+04
1.460255246126218844e+04,1.710960302424996189e+04,1.655504386738259200e+04,1.525961070882129570e+04,2.240786783623889278e+04,1.139489374755337667e+04,0.000000000000000000e+00,1.130204517548495278e+04,2.869028034301785738e+03,1.830829399909548010e+04,9.031583981020683495e+03,1.740442053761241914e+04,6.273081656923611263e+03,9.059654811496704497e+03,8.714025162015903334e+03,1.093625292323826397e+04,2.221485971976031215e+04,1.173904172370901688e+04,7.359909738108230158e+03,9.065606608158852396e+03,8.818802503629740386e+03,8.329562343254869120e+03,8.095258348021414349e+03,7.892975430314157165e+03,1.004907300747032969e+04,1.123381119313736963e+04,8.063265774010311361e+03,7.115192480065630662e+03,7.017227159276633756e+03,1.388680828159381599e+04,8.162425877694538030e+03,5.874591065941525812e+03,9.994986601030957900e+03,4.321552469555269454e+03,1.052541666329351392e+04,1.164338457831284722e+04,1.193172966098946381e+04,1.835168723037895688e+04,4.830573186843098483e+03,1.315016793488041549e+04,3.023752607007630559e+03,6.700000424133228989e+03,6.619019101433610558e+03,1.224060950921928816e+04,1.421395793931676417e+04,1.895216254239242335e+04,8.121991194317125519e+03,7.962385127053608812e+03,4.372250080370355136e+03,6.809118077430907761e+03,5.713017454025629377e+03,1.177781123797488362e+04,1.549411017982797966e+04,7.505837095267495897e+03,7.522239912278537304e+03,8.787420073642459101e+03,1.116854848673933157e+04,4.366307622614465799e+03,4.791868865129006736e+03,1.186275326287261851e+04,7.833659137789484703e+03,3.974213090530544832e+03,4.653329061780634220e+03,3.195382177723816312e+03,1.521503110741444652e+04,5.160882499400815868e+04,4.806047850032043243e+03,8.054805787485533074e+03,1.241819586640176385e+04,1.002326951827595258e+04,2.428711248248291668e+03,4.737888641818581164e+03,8.693084312447494085e+03,5.748308249709210031e+03,1.244167253799348873e+04,9.812482071509886737e+03,5.938110321419523643e+03,8.741677188007392033e+03,1.711743309045690694e+04,7.024684489916845450e+03,9.539515701456475654e+03,6.454225540782280586e+04
4.367284249882260156e+03,7.464286109432413468e+03,7.605973660641448078e+03,6.158511167548806952e+03,1.323630460136923102e+04,3.877309794330644763e+03,1.130204517548495278e+04,0.000000000000000000e+00,1.405610889907839010e+04,9.021812112065221299e+03,4.430300467655494685e+03,2.442401886475852007e+04,1.145893439383835903e+04,4.413349436457768206e+03,3.042862071005293274e+03,4.630276735950968941e+03,1.285139060806470661e+04,6.220779671873261577e+03,1.034377181927877245e+04,3.157612270675126183e+03,8.391237954077936593e+03,5.087938334125684378e+03,4.962881936197907635e+03,5.319936489746190091e+03,2.557747168172640613e+03,1.236019595006718873e+03,1.407791649848548695e+04,1.456590800255040631e+04,1.454470389735190111e+04,2.400919857359558955e+04,4.962999920877344266e+03,1.629336550128493218e+04,5.475451057628913077e+03,8.780874065859276016e+03,6.831242958562003878e+03,3.864892878765765545e+03,4.096877128502706910e+03,9.029426782693210043e+03,6.917701427015372246e+03,4.942706716552699618e+03,8.478194978600004106e+03,6.097411884639762320e+03,1.745784919105706285e+04,2.317785961795474941e+04,2.503671515989398176e+04,2.971546599808508836e+04,5.015838335759682195e+03,5.609988673716856283e+03,1.401632596201465640e+04,6.747211626566220730e+03,8.554416014786727828e+03,2.197552724087665410e+04,6.210850237491962616e+03,4.803235880805947090e+03,1.857270390587179645e+04,3.165192591968209399e+03,2.100179563324045739e+04,8.007689324233860134e+03,9.133841004910707852e+03,3.693291086576001817e+03,4.485724920188633405e+03,7.949463239140604855e+03,1.554739890223890325e+04,1.355348644142966077e+04,2.101144801329191614e+04,6.226053584126153146e+04,9.482946331647166517e+03,1.516274693175322500e+04,2.128756490491750446e+04,3.099887579705624830e+03,1.184063809516975380e+04,1.578619271224229669e+04,1.915119311055816070e+04,7.357741941229875920e+03,2.565390899421729955e+03,2.987549425291111675e+03,8.278896992126250552e+03,1.808271339199343856e+04,2.649646521438318086e+04,5.994133595016017352e+03,1.884340489338711996e+04,7.349759312253289681e+04
1.737371364350464501e+04,1.982717141407606687e+04,1.924599828747300853e+04,1.797635903623649938e+04,2.499000931032701556e+04,1.404429363126760654e+04,2.869028034301785738e+03,1.405610889907839010e+04,0.000000000000000000e+00,2.097682473646420840e+04,1.160134780032154413e+04,1.628631758868649922e+04,7.251818684140377627e+03,1.162328696821465201e+04,1.150337967259146353e+04,1.364620213518812488e+04,2.480891721760899964e+04,1.429894541262972962e+04,8.690637902262107673e+03,1.177278429864237478e+04,1.079199301149094754e+04,1.080689736343983350e+04,1.062516743679350657e+04,1.048034650215485090e+04,1.275978729171541272e+04,1.400781914520985629e+04,8.248719649768629097e+03,6.775490392812065693e+03,6.672564571010259897e+03,1.145096887661167239e+04,1.079028688821204923e+04,3.803894231817840137e+03,1.261202330307625743e+04,6.516482530543056782e+03,1.304484395230570772e+04,1.440458097329579687e+04,1.464149752866671588e+04,2.101595273505476507e+04,7.579208011263293884e+03,1.588527241680470979e+04,5.836124012926125033e+03,9.397028795961963624e+03,4.108352399191668155e+03,9.475720737751938941e+03,1.151290994673506975e+04,1.624155260428750080e+04,1.065697654162160143e+04,1.041254654477340409e+04,3.600036253550300898e+03,9.246827590611217602e+03,7.710551322525229807e+03,9.315065548112470424e+03,1.817815493390342817e+04,1.029856366036051077e+04,4.737808562052110574e+03,1.156117630003380145e+04,8.952796530941217497e+03,6.820262466043140194e+03,6.837443685895276758e+03,1.458549939016603821e+04,1.054405043494295751e+04,6.576213195320838167e+03,2.239699142597726677e+03,2.297951965365012256e+03,1.468174541341559052e+04,4.886002749151645548e+04,6.752173127685661711e+03,7.754673560254821496e+03,1.075810429471502357e+04,1.273827694626182711e+04,3.290857524715899672e+03,2.184480889564372774e+03,6.392691942952039426e+03,8.039880573255937634e+03,1.516917447734814778e+04,1.256986494276553640e+04,7.983257707522378041e+03,6.905720229601989558e+03,1.489989968919205421e+04,9.482214645330648636e+03,7.775902004079910512e+03,6.231761757207431947e+04
5.651254694112532889e+03,2.600741490350942513e+03,2.181729778372081910e+03,3.424851412345411973e+03,4.991703000996840274e+03,1.168404719801950159e+04,1.830829399909548010e+04,9.021812112065221299e+03,2.097682473646420840e+04,0.000000000000000000e+00,1.304937550490918511e+04,3.262212989063603891e+04,1.974546122747208574e+04,1.277797583744099757e+04,1.124426779286414421e+04,8.011850058967115729e+03,5.213197136624165068e+03,9.581171476919033012e+03,1.904535762057244938e+04,1.175833724962733322e+04,1.724711718949948045e+04,1.341600579376959467e+04,1.342526915370397001e+04,1.397279969642134893e+04,1.058539002273964797e+04,9.249670456983400072e+03,2.233515585656234543e+04,2.267951629112887895e+04,2.265442427553816742e+04,3.109922038248986064e+04,1.062520856183292381e+04,2.344431565051431971e+04,1.009273483350856259e+04,1.543656534298630322e+04,1.146567367102080243e+04,7.146191975134680433e+03,6.780134504901503533e+03,1.079256987332734980e+03,1.372681324525095442e+04,5.711981407933238188e+03,1.552598140932419483e+04,1.210057166013817550e+04,2.464173149069132342e+04,3.021453027899990047e+04,3.215865995820900207e+04,3.683723296537852730e+04,1.330099468544023148e+04,1.407673887207504958e+04,2.171536588206163287e+04,1.432855853729980845e+04,1.691487911869616801e+04,2.924914853440764637e+04,3.652863518653129631e+03,1.120204933162128145e+04,2.557387901762255569e+04,1.130781986109609716e+04,2.837308004918229562e+04,1.466679141567402257e+04,1.545221269696724994e+04,6.815916767757586058e+03,1.074761368565240991e+04,1.475015598536716789e+04,2.270933419406924440e+04,2.098392229366652828e+04,2.908076646754139801e+04,6.931022763828179450e+04,1.745068079823840162e+04,2.325182854317120291e+04,2.938704799598160025e+04,1.040413328353033830e+04,1.891066833983799370e+04,2.287550053319056678e+04,2.665288985233315543e+04,1.562241419189659246e+04,9.160442693728327868e+03,1.076459941347505264e+04,1.660764841204526238e+04,2.545428081521225613e+04,3.358058533884612552e+04,1.290855765758189591e+04,2.618586726687934060e+04,8.066130023278506997e+04
8.238858665111014489e+03,1.148965942489570443e+04,1.162609209770876987e+04,1.020656870366311341e+04,1.707613082285238124e+04,3.792611979442406209e+03,9.031583981020683495e+03,4.430300467655494685e+03,1.160134780032154413e+04,1.304937550490918511e+04,0.000000000000000000e+00,2.146634237437422053e+04,7.532020281879432332e+03,1.337859818860993983e+03,3.267206475771541591e+03,7.625838790489777239e+03,1.662089329899334552e+04,8.419742191743818694e+03,7.054341961912073202e+03,3.256010337644068841e+03,5.112402049381132201e+03,2.554155204702331957e+03,1.827181586276131156e+03,2.767355487733123482e+03,2.932570041181555553e+03,4.345363143809813664e+03,1.077113732841449928e+04,1.146520720340552907e+04,1.144698926328377092e+04,2.096633861841405815e+04,5.741042282235191124e+03,1.337759193887501533e+04,7.527967920572339608e+03,6.878170020402632872e+03,8.203803347103863416e+03,7.217887585620565005e+03,7.363547667234283836e+03,1.302886396815950684e+04,5.923158663758242255e+03,8.721477401720936541e+03,6.634829194306875252e+03,6.377748399923839315e+03,1.450190412612230102e+04,2.018953280407465354e+04,2.192596970743652128e+04,2.652565419370681775e+04,2.944091655397620798e+03,1.695079949190241678e+03,1.089819576523219075e+04,3.933152025778963434e+03,5.180755961927402495e+03,1.889304760350785727e+04,1.029276219415902233e+04,5.352621462489941223e+03,1.576884776143365707e+04,3.045892049919001238e+03,1.779964786955550517e+04,6.556248246303581254e+03,7.394912669734244446e+03,7.068586236081012430e+03,5.227210614580914807e+03,6.487057915048881114e+03,1.273107855168679089e+04,1.064319177876954382e+04,1.815770568025084867e+04,5.891814671026555152e+04,6.028033001961193804e+03,1.213765785128816606e+04,1.798991768400491128e+04,3.673221720069007006e+03,9.334443292873445898e+03,1.302808049237357227e+04,1.583975079321954217e+04,4.128143372482214545e+03,5.144326295285370179e+03,3.166312260939364933e+03,4.919104048286036232e+03,1.506130145992514917e+04,2.329068127924261717e+04,4.586927111981708549e+03,1.551843036551809018e+04,6.978434050579252653e+04
2.803261082210181848e+04,3.116956286177584116e+04,3.080084693957979107e+04,2.935261765050264876e+04,3.685100584772556613e+04,2.320692330168280387e+04,1.740442053761241914e+04,2.442401886475852007e+04,1.628631758868649922e+04,3.262212989063603891e+04,2.146634237437422053e+04,0.000000000000000000e+00,1.710568589744034398e+04,2.204867897764370355e+04,2.208407231986602346e+04,2.505915835915895877e+04,3.658629691695648216e+04,2.407402695390910958e+04,1.576883537839737437e+04,2.143689524034661736e+04,1.734865056530394941e+04,2.137408320444611309e+04,2.079923115688670441e+04,1.958021491414927004e+04,2.369920460135990288e+04,2.428280867624882376e+04,1.233673355248086045e+04,1.199629414085285498e+04,1.196668075288565524e+04,1.668724669121588522e+04,2.385533255928334256e+04,1.652253569878334383e+04,2.299020931831038979e+04,2.024222847953195014e+04,2.256074539274958443e+04,2.575822047645759085e+04,2.669978213675750885e+04,3.267484718196758695e+04,2.023651227532943813e+04,2.719397024205275738e+04,1.896251233996995143e+04,2.154861721462395872e+04,1.526480465217018900e+04,1.566599403993478518e+04,1.621169302733769109e+04,1.841894100977095513e+04,2.074655260868843834e+04,2.073811987190651416e+04,1.426943572611013042e+04,2.123924281739034996e+04,1.813885605075954300e+04,1.458296299650798755e+04,2.970281029150211543e+04,2.214420988979889080e+04,1.526059514805703111e+04,2.230913207444086947e+04,1.483601179367106124e+04,2.079175001077691923e+04,2.078300607491199116e+04,2.637721540660062237e+04,2.293122012917941174e+04,2.022046322407952903e+04,1.562396676658950491e+04,1.522002304951971928e+04,5.697782648927983246e+03,4.570251471957047761e+04,1.815300036878790706e+04,1.091998419264044060e+04,7.220331300621334776e+03,2.423104029352884390e+04,1.809158140581674161e+04,1.564130134817726503e+04,1.354789575718250671e+04,1.908480532742276409e+04,2.506414563542622273e+04,2.355491341052050484e+04,1.880893385512179520e+04,1.534985801170948071e+04,1.919887365043230602e+04,2.226691314627080283e+04,1.726514851172278577e+04,5.918831312810887903e+04
1.528419542052231009e+04,1.831679982012076653e+04,1.824881523024851049e+04,1.685786978256700240e+04,2.358282219759886721e+04,1.043906997994213816e+04,6.273081656923611263e+03,1.145893439383835903e+04,7.251818684140377627e+03,1.974546122747208574e+04,7.532020281879432332e+03,1.710568589744034398e+04,0.000000000000000000e+00,7.643956132792065546e+03,9.325293637530479828e+03,1.335211025640644948e+04,2.318885346854200907e+04,1.398856217671956620e+04,4.486237939769553122e+03,9.341266282934657283e+03,6.319117647414298517e+03,7.133074192701454194e+03,7.098940415827903053e+03,7.357672814091897635e+03,9.623017738940487106e+03,1.139401513646401327e+04,6.840864724637244763e+03,6.910208202730216726e+03,6.891353745257054470e+03,1.440919618094568978e+04,1.000706459487360189e+04,7.358601308701583548e+03,1.264193883373699464e+04,6.722425080288424397e+03,1.310018026074235240e+04,1.346937405313160889e+04,1.345734984001260818e+04,1.969722923166843248e+04,7.920132602998296534e+03,1.508814355601360512e+04,6.669891185401779694e+03,9.891981196163618733e+03,8.418508342045075551e+03,1.362624126355637054e+04,1.511987605050147795e+04,1.953197771680510778e+04,7.591849644964374420e+03,6.225828776866083899e+03,5.746472697310530748e+03,5.983108266026322781e+03,3.602352238904681599e+03,1.228193056005022845e+04,1.683840984699764158e+04,9.846270628170410419e+03,9.832830135140089624e+03,9.071524571544476203e+03,1.110055261399710798e+04,7.008284017819213659e+03,7.206901007230041614e+03,1.333960616229929292e+04,9.776220048239922107e+03,6.954630799688923616e+03,7.181444457265988603e+03,5.768037266819772412e+03,1.482432271276492793e+04,5.165311177202324325e+04,3.455091964401021869e+03,8.022569364899233733e+03,1.230494916942977397e+04,9.811013739720798185e+03,5.525298197658497884e+03,7.585552464017246166e+03,9.318212235656701523e+03,4.719098014566588972e+03,1.229974245117892860e+04,9.549354774590461602e+03,3.617019010481931673e+03,8.689457247295664274e+03,1.640355030959847863e+04,7.549233889136244215e+03,8.625126282131654079e+03,6.271745798384947557e+04
8.036164881727740976e+03,1.121761850777716245e+04,1.138032471675365014e+04,9.976819125905585679e+03,1.679524100131044906e+04,3.784675013022069379e+03,9.059654811496704497e+03,4.413349436457768206e+03,1.162328696821465201e+04,1.277797583744099757e+04,1.337859818860993983e+03,2.204867897764370355e+04,7.643956132792065546e+03,0.000000000000000000e+00,3.423311225572048443e+03,7.571179839457987327e+03,1.633122459872690524e+04,8.612139487862355963e+03,7.439063613348270337e+03,3.698380426227690805e+03,5.696911750088130248e+03,2.758852437122941865e+03,2.243197330589873218e+03,3.446639802060007696e+03,2.394823410143107594e+03,4.346574790921006752e+03,1.126074783303102049e+04,1.188563494118706694e+04,1.185472473775589606e+04,2.098561099625743009e+04,5.277844869999379625e+03,1.332167369841165419e+04,7.680046216732760513e+03,6.535172891430029267e+03,8.303009399208942341e+03,7.084233582529485830e+03,7.096759077094845452e+03,1.277956845443872044e+04,5.928800796514256035e+03,8.579464526343905163e+03,6.686868407850655785e+03,6.419967881402744752e+03,1.451964318072562310e+04,2.020151947210494473e+04,2.193668031335694104e+04,2.653426793560918668e+04,3.197638999211470036e+03,1.639511376307701539e+03,1.112196310857020399e+04,3.734027203203852423e+03,5.356899345525715944e+03,1.897266105761330982e+04,1.010243572458000926e+04,5.360937514126520000e+03,1.578459390740076378e+04,3.030777326032296969e+03,1.783710556577485477e+04,6.241907872403922738e+03,6.924706999266697494e+03,6.851422172772468912e+03,5.008481130741455672e+03,6.391019791976510533e+03,1.275775208757974360e+04,1.076024224837706060e+04,1.870744666516270809e+04,5.892133390341419727e+04,6.144056963660817928e+03,1.263460037584173733e+04,1.832628937621007935e+04,3.147974005492708784e+03,9.230663034197164961e+03,1.304706831126720317e+04,1.600243328696144090e+04,4.285911125245196672e+03,5.041666155673743560e+03,2.955366123401920959e+03,5.025641616434913885e+03,1.514730087670754438e+04,2.328365776303554230e+04,4.274281755341062308e+03,1.546240777918249296e+04,6.976464314929390093e+04
6.516849687648215877e+03,9.609434786903337226e+03,9.553934107866696650e+03,8.112737245372705729e+03,1.561115759082304794e+04,3.749890294829602681e+03,8.714025162015903334e+03,3.042862071005293274e+03,1.150337967259146353e+04,1.124426779286414421e+04,3.267206475771541591e+03,2.208407231986602346e+04,9.325293637530479828e+03,3.423311225572048443e+03,0.000000000000000000e+00,4.861311574338200444e+03,1.529592193831685836e+04,6.150616248252660625e+03,8.396687269184412798e+03,1.585263855015116860e+03,6.439814929451585158e+03,4.015958705285158430e+03,3.397994395120206718e+03,2.953406137387267790e+03,2.677800600765555373e+03,2.686496812017110642e+03,1.168989220533766638e+04,1.211951834091519231e+04,1.207683612676351549e+04,2.172024928865174297e+04,4.184518627574966558e+03,1.388389968511265579e+04,4.881917488401481023e+03,6.678290078391929455e+03,5.675552883501399265e+03,4.719941096995288717e+03,5.393914408219116012e+03,1.131040831986512239e+04,4.548090468324653557e+03,6.235564478049162972e+03,5.931401154538983974e+03,4.149185619771430538e+03,1.492374704271720839e+04,2.065543678604236629e+04,2.251781058984766787e+04,2.721327480005080361e+04,3.200822600434310971e+03,4.043321044121621981e+03,1.146960405637098847e+04,4.819822394723424622e+03,6.356489748939635319e+03,1.959095591765957215e+04,8.441586317865143428e+03,2.964289017333786433e+03,1.603243845630608121e+04,1.079627510508418482e+03,1.865490805082753286e+04,5.961789061254883563e+03,7.133737307707895525e+03,5.101173799394655362e+03,3.318271322020908883e+03,5.781506579865204003e+03,1.301735312294231517e+04,1.099322400058355561e+04,1.873765367080377837e+04,5.980987875949782756e+04,6.980658611431770623e+03,1.270478380518834638e+04,1.873131405484681454e+04,3.093975241838119928e+03,9.484907033559660704e+03,1.321895745287317004e+04,1.659718241937635685e+04,5.144901864540723182e+03,4.142800214181629599e+03,2.321126201984401177e+03,6.225228530180677808e+03,1.585691538159422089e+04,2.434948904916060565e+04,4.768721835713905421e+03,1.663596436802392782e+04,7.140678181914357992e+04
5.357831129564209732e+03,7.026691027931627104e+03,6.074754911063660074e+03,4.788191856008226750e+03,1.249433078828690304e+04,7.400723436119299549e+03,1.093625292323826397e+04,4.630276735950968941e+03,1.364620213518812488e+04,8.011850058967115729e+03,7.625838790489777239e+03,2.505915835915895877e+04,1.335211025640644948e+04,7.571179839457987327e+03,4.861311574338200444e+03,0.000000000000000000e+00,1.246335497038031099e+04,4.205230783228914333e+03,1.245792091844589595e+04,5.496714194155983932e+03,1.100940438380598971e+04,7.712916318768116071e+03,7.456753342064867866e+03,7.457993550844338642e+03,5.890810083862048486e+03,4.756979712997554088e+03,1.525276800362023096e+04,1.538408983748195533e+04,1.533893635337354135e+04,2.412935256052955447e+04,4.666638904952505072e+03,1.649903809544932301e+04,2.744516628354764180e+03,8.817117522310822096e+03,5.150764844886208266e+03,1.537879059522985926e+03,3.006920439529235864e+03,8.112921719744897018e+03,6.323972895932323809e+03,2.475638987076715239e+03,8.140922472243263655e+03,4.366278157470658698e+03,1.749115309578466622e+04,2.307873772292473586e+04,2.507705684727283005e+04,2.980633325475671154e+04,7.410601049830366719e+03,8.317836916332695182e+03,1.429857097498582880e+04,8.587317992246242284e+03,1.045365923561026830e+04,2.225619752820850044e+04,5.472507290652392840e+03,3.744116288331514625e+03,1.835686405594856842e+04,5.299245449325279878e+03,2.151472888643083206e+04,7.992401681322444347e+03,9.051788289674221232e+03,2.712235028199229873e+03,4.046948700046082649e+03,7.807154256479845571e+03,1.551444805086771339e+04,1.367024010552844811e+04,2.179917342214845121e+04,6.242616134673878696e+04,1.085482012495649724e+04,1.588171064329346336e+04,2.180458438875231514e+04,5.862120476310106824e+03,1.197976986021061384e+04,1.563502324191677872e+04,1.935175107394888983e+04,9.103791004314020029e+03,5.859527267617545476e+03,5.848526378121408925e+03,1.031687488476622093e+04,1.869239315210908171e+04,2.724723796833062443e+04,7.071389641478242993e+03,1.968981522891667191e+04,7.472509570813462778e+04
9.776327574320917847e+03,6.971653023693070281e+03,7.117183914616920447e+03,8.137987034560196662e+03,2.888350406442959866e+03,1.544339180454615416e+04,2.221485971976031215e+04,1.285139060806470661e+04,2.480891721760899964e+04,5.213197136624165068e+03,1.662089329899334552e+04,3.658629691695648216e+04,2.318885346854200907e+04,1.633122459872690524e+04,1.529592193831685836e+04,1.246335497038031099e+04,0.000000000000000000e+00,1.400015932632194381e+04,2.261733210831099495e+04,1.576625619954795184e+04,2.101582185741192370e+04,1.686488135953076562e+04,1.710949818963191865e+04,1.789767358868717201e+04,1.427513044604803690e+04,1.321877082204587168e+04,2.617986760118110760e+04,2.652850660352295745e+04,2.652539206460521018e+04,3.437747949523475108e+04,1.450661800974972539e+04,2.704729014673578786e+04,1.448338910675785155e+04,1.924382956984461634e+04,1.611873069288174338e+04,1.156527847472191388e+04,1.082664773832142419e+04,4.929527335488496647e+03,1.777751503495838188e+04,1.032621127361815707e+04,1.949186540009169403e+04,1.629943134569438189e+04,2.832477215186588364e+04,3.383169903930126020e+04,3.573234576355681202e+04,4.034488235195522429e+04,1.716856039992966544e+04,1.764990376992858364e+04,2.547080434383801548e+04,1.793666896850632475e+04,2.055748235073254182e+04,3.274628129416213051e+04,7.610620919209509339e+03,1.537094743971646858e+04,2.928452715072614228e+04,1.528238274541523242e+04,3.182340519898913408e+04,1.846210969196224687e+04,1.921623477690148866e+04,1.098042609247967266e+04,1.475821899454766026e+04,1.857433774839677426e+04,2.644866974938468775e+04,2.479874551097603035e+04,3.317304340556967509e+04,7.259591555349531700e+04,2.118494870354861996e+04,2.715798711012030253e+04,3.330585481785201409e+04,1.401539614337085732e+04,2.261500954788000308e+04,2.664017255666940764e+04,3.026322235734417336e+04,1.932281151339262578e+04,1.297161252608224459e+04,1.449717614024997420e+04,2.017009544596215710e+04,2.883787235305319700e+04,3.670772663147157436e+04,1.646047530776957865e+04,2.953178397378691807e+04,8.340064401225997426e+04
6.423857160501488579e+03,8.433382092540789017e+03,7.712635281237194249e+03,6.602732748241016452e+03,1.406651377032340315e+04,7.956106668221447762e+03,1.173904172370901688e+04,6.220779671873261577e+03,1.429894541262972962e+04,9.581171476919033012e+03,8.419742191743818694e+03,2.407402695390910958e+04,1.398856217671956620e+04,8.612139487862355963e+03,6.150616248252660625e+03,4.205230783228914333e+03,1.400015932632194381e+04,0.000000000000000000e+00,1.284270965856875409e+04,6.387890591898461025e+03,1.109924147832279050e+04,9.220629325185527705e+03,8.141880631433583403e+03,7.880604923545646670e+03,7.367222437541082400e+03,6.057805798757465709e+03,1.449791553632212162e+04,1.487314907574319113e+04,1.483255534973969952e+04,2.505691012957511339e+04,7.316564982560263161e+03,1.734447191258116800e+04,2.906775098541778334e+03,9.603706079016392323e+03,3.782387001054878510e+03,4.421516300038091686e+03,6.299077339436784314e+03,9.779167137878730500e+03,7.492502085259356136e+03,4.930113849047337681e+03,9.137628701679483129e+03,6.074373602534323254e+03,1.798925030013110518e+04,2.347994479344561478e+04,2.545041463158974875e+04,3.012479361380801129e+04,7.581373308409601123e+03,9.164603607222845312e+03,1.474583965480060579e+04,9.513631732719875799e+03,1.104910442701067041e+04,2.227857276378927054e+04,7.960269079767575931e+03,5.562982802584761885e+03,1.885297555730207023e+04,6.496469829164590919e+03,2.153180638956376788e+04,9.610615873270491647e+03,1.004789813860680442e+04,5.555612905713664077e+03,6.045640292650140509e+03,9.210673550129124123e+03,1.604353073896926799e+04,1.398437424781953632e+04,2.029399826937335092e+04,6.258969139525474020e+04,1.138565457622969370e+04,1.509591486171797806e+04,2.117842898189405241e+04,7.964216228065094583e+03,1.310857354907039735e+04,1.621350333008754751e+04,1.969297894127708787e+04,9.960995262443730098e+03,6.523897270936257883e+03,7.401517768274841728e+03,1.126719911136430892e+04,1.894576775182308120e+04,2.745322312214640624e+04,8.763059886446017117e+03,2.036413718477890870e+04,7.479333885601680959e+04
1.438650497985823131e+04,1.756450833539450468e+04,1.749615638308340567e+04,1.602021116045515555e+04,2.297646081858553953e+04,9.455540354324104555e+03,7.359909738108230158e+03,1.034377181927877245e+04,8.690637902262107673e+03,1.904535762057244938e+04,7.054341961912073202e+03,1.576883537839737437e+04,4.486237939769553122e+03,7.439063613348270337e+03,8.396687269184412798e+03,1.245792091844589595e+04,2.261733210831099495e+04,1.284270965856875409e+04,0.000000000000000000e+00,7.893273436325042894e+03,4.297643701525847064e+03,6.803792469924232137e+03,6.774178547468042780e+03,6.044785374629691432e+03,9.128382967597743118e+03,1.036188112086481487e+04,6.122840527150134221e+03,6.292256137447067886e+03,6.284196591324601286e+03,1.604187283819271397e+04,1.004070196850578941e+04,9.690258340523374500e+03,1.134816181607189174e+04,7.720126736849297231e+03,1.199367405924402010e+04,1.268985367295300421e+04,1.298344179429288852e+04,1.899073530653286798e+04,7.698096449107886656e+03,1.420009448940765287e+04,7.108896693466855140e+03,9.411735054666203723e+03,1.047058078411915085e+04,1.554646168682067218e+04,1.711884671190922381e+04,2.150550832408138740e+04,6.674443584563327022e+03,6.237542432783753611e+03,6.910877124734813151e+03,7.020959433557802186e+03,3.768815393614450386e+03,1.374832606021295396e+04,1.594499743478248274e+04,9.282465127263942122e+03,1.166884904775038740e+04,8.314253504170997985e+03,1.270070723250213814e+04,7.739302559104972715e+03,8.342065139134965648e+03,1.278319156942386689e+04,9.411709986540347018e+03,7.444744504716507436e+03,9.056126502750747022e+03,7.208711219404774965e+03,1.333668096066828548e+04,5.348537533706939575e+04,5.233568780285514549e+03,7.067129924298204969e+03,1.223567593700897851e+04,9.556995957266557525e+03,7.312953981757742440e+03,9.428612454728692683e+03,1.129273682283299968e+04,4.919817235658072605e+03,1.133644980883847529e+04,9.124971701097678306e+03,4.129331611266182335e+03,1.010828866669164381e+04,1.831610324152005342e+04,8.151509494842232925e+03,1.150981189338390504e+04,6.490937216214798536e+04
