0.000000000000000000e+00,3.566801062213390651e+03,4.376893060046177197e+03,3.374222046100572697e+03,1.010046015055176395e+04,6.287357435408257516e+03,1.460275235645371140e+04,4.367387630983726922e+03,1.737389230329517886e+04,5.651833562458198685e+03,8.239656977306449335e+03,2.803306264936851221e+04,1.528520175374584869e+04,8.036919186250054736e+03,6.516981421747390414e+03,5.358174167841812050e+03,9.776868457764352570e+03,6.424243988091225219e+03,1.438692759193170059e+04,6.984292256115319105e+03,1.207957799089453329e+04,9.189284733049631541e+03,8.810289212943613165e+03,9.035860201627689094e+03,5.883853185544227927e+03,4.217606404053913138e+03,1.763612743050856807e+04,1.820740071008060477e+04,1.817447767233348713e+04,2.772936101565844001e+04,7.522508491049611621e+03,1.976832510305363030e+04,6.927213697682098427e+03,1.177191453033658763e+04,7.561537508789436288e+03,4.097351510550797684e+03,4.615925539415117782e+03,5.890608253134480947e+03,1.004203979661843550e+04,3.659129999281358323e+03,1.175802446769897324e+04,8.759742461879057373e+03,2.087911676643247847e+04,2.657593437695927787e+04,2.845250209431993790e+04,3.313834469995237305e+04,8.398879861504790824e+03,9.417190341281246219e+03,1.774524246434670204e+04,9.956176759887337539e+03,1.233079792806878868e+04,2.544587808017601128e+04,4.403878571186392037e+03,7.545021408715166217e+03,2.194568295297452642e+04,6.519044920441514478e+03,2.446401466620336578e+04,1.117069796403354485e+04,1.195300794022081573e+04,4.220120744627019121e+03,7.269083828648421331e+03,1.120511781685888309e+04,1.896438435094594752e+04,1.705606876585089049e+04,2.426733384431860395e+04,6.569563952087382495e+04,1.296616164985529394e+04,1.872332927924882461e+04,2.491056630652446620e+04,6.108168895137358959e+03,1.526448263841756852e+04,1.915980389262023164e+04,2.279175653185038755e+04,1.119661694935556261e+04,3.868172995198146964e+03,5.996727607475146215e+03,1.213462702425186217e+04,2.163579252093923060e+04,2.988074630525590692e+04,9.379238167339488427e+03,2.236582081272934374e+04,7.681335557808005251e+04
3.566801062213390651e+03,0.000000000000000000e+00,2.260196923092250472e+03,2.759144091161134838e+03,7.050265428805766533e+03,9.729240256033794140e+03,1.711000133393985016e+04,7.464723445879671999e+03,1.982752486527643123e+04,2.600965839766612589e+03,1.149086179101004927e+04,3.117022580916275183e+04,1.831820287720321721e+04,1.121878143944451585e+04,9.609876582128825248e+03,7.026755638416268994e+03,6.971863157203297305e+03,8.433441024800473315e+03,1.756524958730000435e+04,1.016911374896585767e+04,1.548066356182862728e+04,1.208917429356428693e+04,1.193020932493122746e+04,1.233007846987922130e+04,8.969089455713148709e+03,7.495692001858285039e+03,2.084117731135993017e+04,2.125952543231128948e+04,2.122807288887401955e+04,3.012699128895605463e+04,9.592216782577324921e+03,2.228540879293907710e+04,9.021083457046393960e+03,1.425289766979758679e+04,9.921904806452066623e+03,6.018920099011897037e+03,5.952861263789607619e+03,3.135577037031608597e+03,1.252551944401894070e+04,4.719530584071610974e+03,1.431147808352487846e+04,1.099600345965440647e+04,2.344380643118879379e+04,2.906311238044251149e+04,3.097933921158182056e+04,3.566345416182789631e+04,1.163875899286953609e+04,1.257317808447624338e+04,2.051717332825342601e+04,1.282411957349246768e+04,1.541233302381822796e+04,2.808282663287178366e+04,3.668732415605319147e+03,9.997186714353138086e+03,2.442219473184993694e+04,9.624805757520301995e+03,2.716472336414389792e+04,1.354640888879940576e+04,1.428827312978561349e+04,5.879178673756048738e+03,9.637949241952766897e+03,1.362463025684259628e+04,2.151274721320783647e+04,1.975737659566496586e+04,2.747073559167494022e+04,6.818393941048723354e+04,1.592608762534160996e+04,2.181407020401581758e+04,2.797792629083138672e+04,8.874553251328001352e+03,1.775680544822818410e+04,2.168323124565321996e+04,2.547394622132397490e+04,1.418788472962443484e+04,7.256063623998300500e+03,9.053965629624695794e+03,1.513627083603189385e+04,2.428659847068348245e+04,3.244196705140448103e+04,1.182888875279164495e+04,2.497869395408060882e+04,7.947801602973819536e+04
4.376893060046177197e+03,2.260196923092250472e+03,0.000000000000000000e+00,1.595825997452600177e+03,6.946558615459388420e+03,1.028417136510519049e+04,1.655555530482024915e+04,7.606693521259514455e+03,1.924644653127984566e+04,2.181744216409314504e+03,1.162762075681892566e+04,3.080167940543862278e+04,1.825049994678912844e+04,1.138180726680758926e+04,9.554624531474724790e+03,6.074805941714686014e+03,7.117253464257250926e+03,7.712653562904581122e+03,1.749711748206858829e+04,1.011195093915209691e+04,1.566012540443592843e+04,1.202629658710578587e+04,1.192071489708185982e+04,1.230596474219914489e+04,9.196197590352972838e+03,7.757450221569166388e+03,2.060902773316967068e+04,2.093366086409389391e+04,2.090041521849145283e+04,2.958030788318757914e+04,9.057799188971970580e+03,2.182993077725013427e+04,8.141631110149505730e+03,1.377527111139779117e+04,9.464521651342980476e+03,5.277679026459312809e+03,5.297456762165285909e+03,2.500019192058511180e+03,1.195260244713439170e+04,3.720117533849163010e+03,1.377040479928815512e+04,1.024838252666774861e+04,2.296945733892333010e+04,2.855062384823825778e+04,3.050938350421766154e+04,3.520759862108951347e+04,1.172781105506644963e+04,1.261985256297515298e+04,2.000075328111493582e+04,1.286870670421155228e+04,1.535413087553708101e+04,2.762437847160840465e+04,2.885318932734373448e+03,9.389356701376942510e+03,2.388153213253192007e+04,9.674679272070687148e+03,2.677371107022235810e+04,1.304719653505242786e+04,1.387237464977270793e+04,5.212841366873428342e+03,9.065584782289990471e+03,1.309786672020837614e+04,2.102260009590092159e+04,1.926937787828142973e+04,2.725448359554634226e+04,6.774989827168073680e+04,1.585182826761267461e+04,2.146812905681574921e+04,2.756027384971127685e+04,9.075371128816384953e+03,1.728061599728781948e+04,2.116804699066386820e+04,2.498753553500370617e+04,1.405434879390270908e+04,7.825770692136230537e+03,9.319767447783828175e+03,1.510860724431697236e+04,2.390397262443995714e+04,3.214176521847553522e+04,1.147529299943132173e+04,2.469771741528875646e+04,7.937390279030184320e+04
3.374222046100572697e+03,2.759144091161134838e+03,1.595825997452600177e+03,0.000000000000000000e+00,8.169462935337572162e+03,8.945334045870278715e+03,1.526004528121635485e+04,6.159170707231888628e+03,1.797673611086510937e+04,3.424914188216160710e+03,1.020804352961895165e+04,2.935339571389653793e+04,1.685947672989840066e+04,9.978243676671536377e+03,8.113353783267281869e+03,4.788210338941211376e+03,8.138114030576732148e+03,6.602747514837619747e+03,1.602109611186362963e+04,8.644202102479315727e+03,1.421566644960009216e+04,1.062768864901490088e+04,1.049963884020571822e+04,1.085353985473122339e+04,7.813872449199233415e+03,6.357941121603444117e+03,1.920374599197837961e+04,1.953605882859779013e+04,1.950172701964539374e+04,2.831550534087539927e+04,7.790612722596005369e+03,2.055318736705139600e+04,6.846585311935133177e+03,1.249306270019638214e+04,8.295042177628689387e+03,3.867703020559315064e+03,4.056109919342497506e+03,3.642988713719618318e+03,1.061408542501131888e+04,2.439085344108313166e+03,1.242697602601993640e+04,8.943092361452849218e+03,2.168385728228959488e+04,2.730678464194423577e+04,2.926229253100679853e+04,3.396947121296737168e+04,1.033143495679420266e+04,1.120350911571422876e+04,1.863007778445621443e+04,1.155685496985316786e+04,1.394866532429519430e+04,2.634270021316349084e+04,2.367150760324497696e+03,8.004334918268024012e+03,2.262648471208780393e+04,8.262571262881216171e+03,2.547142127930042989e+04,1.176484771095872929e+04,1.263177106868857118e+04,3.891897099242325567e+03,7.726106726442707441e+03,1.178914018642715928e+04,1.973659917211192078e+04,1.793117468613355959e+04,2.583498260001581366e+04,6.654687417946571077e+04,1.449561532705534046e+04,2.006691973995090666e+04,2.614251438675451573e+04,7.730072207209939734e+03,1.598778512831650005e+04,1.989376294364127898e+04,2.366446253821191203e+04,1.266476293561281091e+04,6.509847973056485898e+03,7.975318093254118139e+03,1.371369445915972392e+04,2.260870557297056803e+04,3.091756975521299682e+04,1.019010509020523386e+04,2.343237820866744005e+04,7.817456337874248857e+04
1.010046015055176395e+04,7.050265428805766533e+03,6.946558615459388420e+03,8.169462935337572162e+03,0.000000000000000000e+00,1.596098312941094446e+04,2.240843276461675123e+04,1.323695004524185242e+04,2.499052595145270243e+04,4.991767607787932320e+03,1.707747554175291953e+04,3.685185520416990039e+04,2.358441713936475207e+04,1.679654828505248588e+04,1.561180496693166060e+04,1.249445748510650628e+04,2.888355253496220030e+03,1.406658756240112052e+04,2.297741803919658196e+04,1.607945405698592549e+04,2.141179748599141021e+04,1.725523379283474060e+04,1.749792852675273753e+04,1.824035869553305747e+04,1.470991571212683448e+04,1.358099115425460332e+04,2.649402676870367213e+04,2.679562297096863767e+04,2.678980305253122060e+04,3.455421322850041179e+04,1.472791852018115605e+04,2.731933761047438384e+04,1.451623043044304177e+04,1.949354832386416456e+04,1.626844688742247126e+04,1.170625048901511400e+04,1.099899248437115421e+04,4.690758322586573740e+03,1.795883406429760362e+04,1.034358192908535966e+04,1.971665030554053010e+04,1.640732364545645760e+04,2.857725720097286830e+04,3.404663085143833450e+04,3.596917928773646418e+04,4.058947598935880524e+04,1.754589183708257769e+04,1.807876514651495745e+04,2.570195169793937021e+04,1.836468587455228771e+04,2.093476649108907441e+04,3.298233594858801371e+04,7.673744376515925069e+03,1.556638009984355267e+04,2.948550310044361686e+04,1.558996656266750688e+04,3.210590923543096505e+04,1.871061989116064069e+04,1.946765951406671229e+04,1.115260941088548498e+04,1.497943400620609827e+04,1.882297903780639172e+04,2.667473964269696808e+04,2.503768919541752257e+04,3.347501944164308952e+04,7.285573503677241388e+04,2.154668926649657078e+04,2.741427229262264882e+04,3.355556980271193606e+04,1.444894246127529732e+04,2.287899855441365071e+04,2.685341843048248484e+04,3.050538304300038726e+04,1.966365428228943347e+04,1.353436015225578012e+04,1.489315462390521498e+04,2.055703584779356606e+04,2.910819114447799075e+04,3.703726660298003117e+04,1.674789433014784663e+04,2.987786457888149744e+04,8.386830081272523967e+04
6.287357435408257516e+03,9.729240256033794140e+03,1.028417136510519049e+04,8.945334045870278715e+03,1.596098312941094446e+04,0.000000000000000000e+00,1.139607847103691347e+04,3.879972324799797661e+03,1.404526698219951504e+04,1.168663351549741128e+04,3.793624866352766730e+03,2.320700260977682410e+04,1.043948380170826022e+04,3.785785249349677542e+03,3.752473747177619771e+03,7.404179385855360124e+03,1.544567827674535511e+04,7.959561314301045059e+03,9.455972630684356773e+03,3.801453523555378524e+03,6.455487412278368538e+03,5.688704286388847322e+03,4.941043713772522096e+03,4.405796406436385041e+03,3.306878101815791979e+03,3.181641540936171168e+03,1.283616598863570107e+04,1.373946751785627566e+04,1.369207306914887340e+04,2.391270391768609261e+04,6.946856446795580268e+03,1.593111881237371927e+04,7.666163074147873886e+03,9.129088995895386688e+03,7.193105592560305922e+03,6.654697306193173063e+03,7.290423262851641994e+03,1.182664435458652588e+04,7.845804584125447946e+03,7.761960065597762878e+03,8.875000307198584778e+03,7.704465668231074233e+03,1.700570245701396198e+04,2.268128469681441129e+04,2.439840993736280507e+04,2.898707048126956943e+04,4.274189588054021442e+03,4.996685240357634029e+03,1.369308183952047875e+04,6.168820228819083241e+03,7.713757796253013112e+03,2.147566249009432795e+04,9.405492364460520548e+03,6.411424163168089763e+03,1.825935132960636111e+04,3.655622972271480194e+03,2.035361388718017770e+04,8.653022036308926545e+03,9.505166680006514071e+03,6.944287493583673495e+03,6.463265388270391668e+03,8.687657637372389217e+03,1.526537999664106610e+04,1.323353037470831441e+04,1.947885858895534329e+04,6.134831054476720601e+04,8.502981906587414414e+03,1.425131231910725182e+04,2.016287876979165230e+04,4.056390584113489695e+03,1.181874113471687997e+04,1.549517902975342076e+04,1.865352124156981154e+04,6.999237584674356185e+03,2.933423482400983175e+03,3.271519189041627214e+03,7.614966123893352233e+03,1.773908970724335450e+04,2.580316973948309897e+04,7.253080934646714013e+03,1.818314619390798180e+04,7.202270793798958766e+04
1.460275235645371140e+04,1.711000133393985016e+04,1.655555530482024915e+04,1.526004528121635485e+04,2.240843276461675123e+04,1.139607847103691347e+04,0.000000000000000000e+00,1.130222031941966088e+04,2.869035005295259452e+03,1.830879597781666234e+04,9.031992593344473789e+03,1.740512666572883609e+04,6.274478342813167728e+03,9.060016848962002769e+03,8.714167173301548246e+03,1.093677767905325345e+04,2.221542789073910899e+04,1.173966492669110085e+04,7.360367338190421833e+03,9.065814258735586918e+03,8.820293963243299004e+03,8.329778018060838804e+03,8.095490949980143341e+03,7.893161352939831886e+03,1.004922705034913452e+04,1.123397222370869349e+04,8.063675027078292260e+03,7.115397461026509518e+03,7.017435001828632267e+03,1.388684237865983050e+04,8.162641252000325949e+03,5.875342304244067236e+03,9.995629852830104937e+03,4.321669786913300413e+03,1.052584029595436914e+04,1.164371514760187893e+04,1.193205366661312655e+04,1.835215644554214305e+04,4.830862895327033584e+03,1.315061081150062273e+04,3.023777575878464177e+03,6.700468094348741033e+03,6.619841226581118462e+03,1.224117168236724319e+04,1.421524144362895095e+04,1.895418581826353329e+04,8.122197360355443379e+03,7.962792469449678720e+03,4.372307716217898815e+03,6.809716586789524627e+03,5.713794048616163309e+03,1.177810241751053400e+04,1.549453953057815306e+04,7.506028876889136882e+03,7.522437191354688366e+03,8.787565052428029958e+03,1.116937349633574559e+04,4.366349992304921216e+03,4.791957556217787896e+03,1.186309862454978429e+04,7.833868360335951365e+03,3.974234352544442572e+03,4.653525583599196580e+03,3.195490300676094648e+03,1.521578984474973913e+04,5.162055750630906550e+04,4.806883495238637806e+03,8.054985367715476968e+03,1.241845814005578904e+04,1.002342335911238661e+04,2.428950457989576989e+03,4.738190243360171735e+03,8.693449710173787025e+03,5.748588760180620739e+03,1.244229964848384952e+04,9.812653637202474783e+03,5.938861102042131279e+03,8.742064919647349598e+03,1.712011164117422231e+04,7.024784137813651796e+03,9.542092895079917071e+03,6.458015203705107706e+04
4.367387630983726922e+03,7.464723445879671999e+03,7.606693521259514455e+03,6.159170707231888628e+03,1.323695004524185242e+04,3.879972324799797661e+03,1.130222031941966088e+04,0.000000000000000000e+00,1.405625947337166690e+04,9.022463398950794726e+03,4.431134869726771285e+03,2.442438417864573421e+04,1.145987519313765006e+04,4.414100842559229932e+03,3.042913666728424232e+03,4.631076295148758618e+03,1.285205530493289370e+04,6.221519326176814502e+03,1.034408973517272170e+04,3.157617021096467397e+03,8.392401646844487914e+03,5.088086132512464246e+03,4.963026910327959740e+03,5.320124646559797839e+03,2.558130875521258531e+03,1.236033753277220740e+03,1.407818191167914483e+04,1.456599862483729521e+04,1.454479465175234327e+04,2.400930203371902462e+04,4.963246640519541870e+03,1.629396088612164385e+04,5.476200898843064351e+03,8.780986753234514254e+03,6.831520428052817806e+03,3.865489356386113286e+03,4.097438859342330943e+03,9.030036822960217251e+03,6.917879807667268324e+03,4.943449270080069255e+03,8.478368598684439348e+03,6.097766287005940285e+03,1.745849218511414801e+04,2.317844167474632923e+04,2.503782019261391542e+04,2.971718777884864176e+04,5.016034909216287815e+03,5.610581513464660929e+03,1.401646704677915841e+04,6.748070148840361981e+03,8.555117787268603934e+03,2.197589646668621936e+04,6.211504219796841426e+03,4.803482999518337238e+03,1.857300835554610967e+04,3.165243615308374956e+03,2.100253441421768002e+04,8.007842363174298953e+03,9.133954154854745866e+03,3.693942886697322137e+03,4.485992761875717406e+03,7.949646897218003687e+03,1.554768055451807413e+04,1.355369155315324679e+04,2.101182865947818573e+04,6.227099599525457597e+04,9.483562364897510633e+03,1.516283431672297229e+04,2.128774146266050957e+04,3.100281278660566386e+03,1.184093634392083004e+04,1.578654000558867847e+04,1.915159318589162285e+04,7.357893208910631074e+03,2.567023269632714346e+03,2.988228834704138080e+03,8.279622056968366451e+03,1.808315231415637027e+04,2.649866715246293097e+04,5.994273813807611077e+03,1.884522257698554677e+04,7.353174227369697473e+04
1.737389230329517886e+04,1.982752486527643123e+04,1.924644653127984566e+04,1.797673611086510937e+04,2.499052595145270243e+04,1.404526698219951504e+04,2.869035005295259452e+03,1.405625947337166690e+04,0.000000000000000000e+00,2.097727153431391343e+04,1.160167702463852947e+04,1.628706899965611592e+04,7.253036414333480934e+03,1.162358016901283918e+04,1.150349681148260606e+04,1.364662891392643360e+04,2.480943573542486411e+04,1.429946313374613419e+04,8.691034411865754009e+03,1.177295362865073184e+04,1.079322237147319538e+04,1.080707331445118143e+04,1.062535425573646899e+04,1.048049759339838965e+04,1.275991958163616800e+04,1.400795885219926640e+04,8.249124187480698311e+03,6.775707421597289795e+03,6.672784947403994920e+03,1.145100437573618183e+04,1.079045703989969479e+04,3.805047217428062140e+03,1.261253903055758747e+04,6.516567084813355905e+03,1.304519098135426975e+04,1.440485595263747564e+04,1.464176928796358152e+04,2.101637117492113248e+04,7.579399651555371747e+03,1.588564691021730323e+04,5.836144146116760567e+03,9.397367567150831746e+03,4.109669991123853833e+03,9.476437437131222396e+03,1.151448715495532997e+04,1.624390611884463215e+04,1.065714427080130554e+04,1.041286927542416379e+04,3.600108474320806636e+03,9.247279464279688909e+03,7.711137250580848558e+03,9.315428018380684080e+03,1.817852903292776318e+04,1.029871091285205875e+04,4.738110168691129729e+03,1.156129730784842650e+04,8.953822799476942237e+03,6.820295895759718405e+03,6.837512278437910027e+03,1.458578816727206686e+04,1.054421346401052142e+04,6.576232583349824381e+03,2.240099830220294280e+03,2.298105792848737110e+03,1.468253055111242429e+04,4.887241209999506100e+04,6.752779497824608370e+03,7.754861638102590405e+03,1.075840397159196800e+04,1.273840891005095364e+04,3.291036500554082068e+03,2.185128087063079420e+03,6.393184595918056402e+03,8.040090959200537327e+03,1.516969819489598376e+04,1.257001096576156669e+04,7.983826314788883792e+03,6.906208430791395585e+03,1.490297278223326430e+04,9.482296798778397715e+03,7.779060417367509217e+03,6.235686356656583666e+04
5.651833562458198685e+03,2.600965839766612589e+03,2.181744216409314504e+03,3.424914188216160710e+03,4.991767607787932320e+03,1.168663351549741128e+04,1.830879597781666234e+04,9.022463398950794726e+03,2.097727153431391343e+04,0.000000000000000000e+00,1.305079281377663392e+04,3.262293799769618272e+04,1.974706963287473263e+04,1.277935145076720801e+04,1.124490018620182855e+04,8.011912029432885902e+03,5.213258998487069221e+03,9.581195430118668810e+03,1.904627884641766650e+04,1.175884139173471704e+04,1.724880240330697416e+04,1.341679818207232711e+04,1.342605477604628868e+04,1.397361017619686390e+04,1.058645365235762438e+04,9.250316025022686517e+03,2.233597117066842839e+04,2.268003137563042037e+04,2.265493993053376107e+04,3.109957723826278379e+04,1.062548812913776965e+04,2.344542169211188957e+04,1.009277218704143343e+04,1.543694187941011478e+04,1.146580436473340706e+04,7.146354507403008938e+03,6.780305812023227190e+03,1.079276908261513427e+03,1.372706683417827117e+04,5.712054849576898960e+03,1.552648372049127283e+04,1.210071371870846269e+04,2.464287961783947685e+04,3.021558002058874627e+04,3.216029847976717792e+04,3.683951178484278353e+04,1.330184993232555280e+04,1.407798981646842731e+04,2.171584473125110526e+04,1.433010906297740803e+04,1.691623529630939083e+04,2.924994307665984161e+04,3.652923471126506229e+03,1.120235096879564844e+04,2.557458197132448186e+04,1.130844989426045686e+04,2.837433367459589135e+04,1.466726727890676921e+04,1.545260658375524326e+04,6.816069863565001469e+03,1.074790318787915930e+04,1.475068417371420946e+04,2.271002394401913625e+04,2.098451354753393025e+04,2.908162104043858562e+04,6.932111710200898233e+04,1.745195966996275456e+04,2.325233082082377223e+04,2.938766004495979359e+04,1.040527733323162101e+04,1.891141168869608737e+04,2.287627691832746495e+04,2.665373440027876495e+04,1.562316802646544056e+04,9.162412364933194112e+03,1.076589069852501598e+04,1.660903012755740201e+04,2.545518536211596074e+04,3.358337573412666097e+04,1.290896641095313316e+04,2.618825138337080716e+04,8.069510109197146085e+04
8.239656977306449335e+03,1.149086179101004927e+04,1.162762075681892566e+04,1.020804352961895165e+04,1.707747554175291953e+04,3.793624866352766730e+03,9.031992593344473789e+03,4.431134869726771285e+03,1.160167702463852947e+04,1.305079281377663392e+04,0.000000000000000000e+00,2.146654690288715938e+04,7.532273728871191452e+03,1.337881868822046499e+03,3.268098553490010090e+03,7.627703996520747751e+03,1.662227514681795583e+04,8.421652900436529308e+03,7.054355074391526614e+03,3.257146499444727397e+03,5.113153988930551350e+03,2.554610500586735725e+03,1.827840679388266381e+03,2.767704896748682131e+03,2.932897210342631752e+03,4.346190498767939062e+03,1.077115956374076995e+04,1.146531439678049355e+04,1.144709662725592170e+04,2.096648265832876132e+04,5.742365669862226241e+03,1.337786164089963131e+04,7.529969921132901618e+03,6.878861666697881446e+03,8.205089296159583682e+03,7.219422151298223980e+03,7.365051340461345717e+03,1.303023143696247280e+04,5.924372081162216091e+03,8.723105586242147183e+03,6.635418331772822057e+03,6.379378234023367440e+03,1.450220260109625633e+04,2.018981299682606186e+04,2.192659890661166719e+04,2.652679890985936436e+04,2.944409563118199003e+03,1.695100007122527359e+03,1.089844144533175313e+04,3.933276860060725994e+03,5.180850252327924863e+03,1.889320602090640386e+04,1.029422467141208472e+04,5.353957089920310864e+03,1.576903683562414881e+04,3.046850403245911821e+03,1.779998450224527187e+04,6.556889664098274807e+03,7.395533543497456776e+03,7.070196487857599095e+03,5.228633072724398517e+03,6.487658621814061917e+03,1.273128010410655588e+04,1.064341980942533337e+04,1.815792387831312226e+04,5.892774796963120752e+04,6.028121089753695742e+03,1.213775943553575416e+04,1.798994695037405108e+04,3.673441275532618874e+03,9.334700348049211243e+03,1.302829675421023057e+04,1.583992465863708458e+04,4.128357749004903781e+03,5.144783283323458818e+03,3.166512487544452142e+03,4.919203658913103936e+03,1.506148915833834144e+04,2.329219170561805367e+04,4.588007555642519947e+03,1.551956639244260259e+04,6.981770595506840618e+04
2.803306264936851221e+04,3.117022580916275183e+04,3.080167940543862278e+04,2.935339571389653793e+04,3.685185520416990039e+04,2.320700260977682410e+04,1.740512666572883609e+04,2.442438417864573421e+04,1.628706899965611592e+04,3.262293799769618272e+04,2.146654690288715938e+04,0.000000000000000000e+00,1.710604445866692549e+04,2.204889454506024413e+04,2.208446361651268671e+04,2.506003183695915141e+04,3.658715094258774479e+04,2.407499607014593857e+04,1.576909259250501964e+04,2.143730455410837021e+04,1.734872503779517137e+04,2.137435565883999516e+04,2.079950419403324850e+04,1.958053648611992321e+04,2.369947587473440944e+04,2.428318383588332654e+04,1.233705032594529985e+04,1.199674739726816733e+04,1.196713513091098866e+04,1.668787671135832716e+04,2.385598024634502144e+04,1.652332935329832617e+04,2.299118682233968138e+04,2.024285014066878648e+04,2.256145878875015478e+04,2.575895479466896359e+04,2.670049048520111683e+04,3.267563765812283600e+04,2.023725673280741466e+04,2.719478092439155444e+04,1.896316184721083846e+04,2.154945885312176324e+04,1.526573408221552381e+04,1.566699104037760662e+04,1.621324649207028779e+04,1.842129444206954213e+04,2.074683561763280522e+04,2.073834604836084327e+04,1.427017490928503503e+04,2.123954595691884242e+04,1.813916962901488660e+04,1.458377889154663535e+04,2.970357924919089419e+04,2.214489468576147920e+04,1.526138539821669656e+04,2.230952182174343397e+04,1.483706524019985591e+04,2.079234581548320784e+04,2.078360742291454881e+04,2.637794117451567217e+04,2.293188951248638477e+04,2.022107183104675642e+04,1.562469834984001500e+04,1.522073140909829999e+04,5.697806079046985360e+03,4.571558237289071258e+04,1.815334959144493405e+04,1.092048175528520915e+04,7.220845247665412899e+03,2.423130685098553295e+04,1.809219527208608270e+04,1.564207345157578311e+04,1.354875936931067372e+04,1.908510134596157513e+04,2.506421200504526860e+04,2.355520326333692719e+04,1.880923666091600899e+04,1.535063470934155521e+04,1.920135262020006485e+04,2.226749004857906039e+04,1.726682999661036592e+04,5.922793807782832300e+04
1.528520175374584869e+04,1.831820287720321721e+04,1.825049994678912844e+04,1.685947672989840066e+04,2.358441713936475207e+04,1.043948380170826022e+04,6.274478342813167728e+03,1.145987519313765006e+04,7.253036414333480934e+03,1.974706963287473263e+04,7.532273728871191452e+03,1.710604445866692549e+04,0.000000000000000000e+00,7.644241908786601925e+03,9.326280471129230136e+03,1.335404280730125174e+04,2.319047507459717235e+04,1.399059301001745371e+04,4.486747803501748422e+03,9.342414878857172880e+03,6.319854811770822380e+03,7.133900716899801409e+03,7.099788449487409707e+03,7.358395833279628278e+03,9.623575396076204925e+03,1.139494308585922772e+04,6.841178493562802032e+03,6.910995399005846593e+03,6.892143095022653142e+03,1.440969862908242249e+04,1.000868396973212293e+04,7.359005722271498598e+03,1.264407242449787191e+04,6.724128936902595342e+03,1.310178078979890415e+04,1.347096694314016167e+04,1.345894422740830669e+04,1.969879515109727436e+04,7.922080436922902663e+03,1.508985616123874388e+04,6.671327635868317884e+03,9.894029916331090135e+03,8.418874610367025525e+03,1.362650545710991537e+04,1.512036004143182436e+04,1.953293786223084317e+04,7.592552076327543546e+03,6.226176351409734707e+03,5.747713063552787389e+03,5.983276570825763883e+03,3.602592768152066583e+03,1.228218019253486273e+04,1.684001894819204608e+04,9.847839015904521148e+03,9.833312741213871050e+03,9.072539944918136825e+03,1.110081701209951643e+04,7.009752911081832281e+03,7.208445957903366434e+03,1.334124932550371341e+04,9.777850348190455406e+03,6.956007443928003340e+03,7.182146370883594500e+03,5.769089175201031139e+03,1.482473480006297177e+04,5.166290805532655941e+04,3.455378196734550329e+03,8.023247672521377353e+03,1.230515473540460880e+04,9.811513828201552315e+03,5.526283486489654933e+03,7.586164326216386144e+03,9.318537721592496382e+03,4.720176063568637801e+03,1.230023025659816813e+04,9.549771652295863532e+03,3.617259808499755763e+03,8.689797883298502711e+03,1.640489923039847054e+04,7.550819247795774572e+03,8.626211067596144858e+03,6.275257370782432554e+04
8.036919186250054736e+03,1.121878143944451585e+04,1.138180726680758926e+04,9.978243676671536377e+03,1.679654828505248588e+04,3.785785249349677542e+03,9.060016848962002769e+03,4.414100842559229932e+03,1.162358016901283918e+04,1.277935145076720801e+04,1.337881868822046499e+03,2.204889454506024413e+04,7.644241908786601925e+03,0.000000000000000000e+00,3.424061148275188316e+03,7.572950822593203156e+03,1.633256926800136898e+04,8.613907392025879744e+03,7.439076114911193145e+03,3.699277872383219346e+03,5.697644380644705961e+03,2.759198030192685565e+03,2.243647089888588653e+03,3.446862185400548697e+03,2.395139070235685267e+03,4.347314160843450736e+03,1.126077101086390212e+04,1.188572433447650110e+04,1.185481436412909898e+04,2.098573786852015473e+04,5.279166266729886956e+03,1.332193886515596023e+04,7.681899302330848514e+03,6.535823645179078085e+03,8.304201291114759442e+03,7.085693575920324292e+03,7.098215789783238506e+03,1.278089213950596240e+04,5.929911962647343898e+03,8.581024738269517911e+03,6.687386941392816880e+03,6.421477135226975406e+03,1.451993788194674380e+04,2.020179902834981112e+04,2.193731998605166882e+04,2.653543148092184128e+04,3.197878698337091464e+03,1.639514121025608574e+03,1.112217125332983778e+04,3.734166594337534661e+03,5.357007429348390360e+03,1.897281288072690222e+04,1.010384246558062659e+04,5.362159269395961928e+03,1.578476857041474977e+04,3.031626164287325082e+03,1.783744527572814332e+04,6.242506859233561954e+03,6.925299201167642423e+03,6.852974667219938055e+03,5.009843035165194124e+03,6.391560293186279523e+03,1.275793272157152023e+04,1.076043857116235813e+04,1.870767515566558359e+04,5.893098376030750660e+04,6.144148352107798928e+03,1.263468470747173706e+04,1.832631813269076883e+04,3.148168727888931244e+03,9.230892158989508971e+03,1.304726712836342631e+04,1.600259772985784730e+04,4.286078530953504014e+03,5.042151785226825268e+03,2.955531072980234967e+03,5.025757122747033463e+03,1.514748001647485762e+04,2.328519546463299775e+04,4.275319230658860761e+03,1.546357104066597276e+04,6.979812692148923816e+04
6.516981421747390414e+03,9.609876582128825248e+03,9.554624531474724790e+03,8.113353783267281869e+03,1.561180496693166060e+04,3.752473747177619771e+03,8.714167173301548246e+03,3.042913666728424232e+03,1.150349681148260606e+04,1.124490018620182855e+04,3.268098553490010090e+03,2.208446361651268671e+04,9.326280471129230136e+03,3.424061148275188316e+03,0.000000000000000000e+00,4.862229861163965325e+03,1.529658200197295628e+04,6.151531454302224120e+03,8.396993634419619411e+03,1.585352796704061575e+03,6.441249981609744282e+03,4.016081712634299038e+03,3.398136093400077243e+03,2.953591341461574302e+03,2.678007665683645428e+03,2.686540176691593842e+03,1.169014109292160538e+04,1.211958682529151884e+04,1.207690485317742423e+04,2.172033156195311312e+04,4.184849715882504825e+03,1.388446003509936054e+04,4.882939111187054550e+03,6.678406948602943885e+03,5.676005068128554740e+03,4.720544349871642225e+03,5.394442662888704945e+03,1.131099692167203102e+04,4.548370577257922378e+03,6.236279608862044370e+03,5.931558619457991881e+03,4.149792200498482089e+03,1.492436058245078129e+04,2.065597649161598383e+04,2.251889268503795029e+04,2.721499291462483961e+04,3.201004111126861062e+03,4.043955621150751995e+03,1.146971962211464961e+04,4.820758023037191379e+03,6.357226354973893649e+03,1.959128382132423212e+04,8.442179550445962377e+03,2.964710336320515580e+03,1.603269739798147930e+04,1.079635383565491111e+03,1.865561916380235925e+04,5.961923834711274139e+03,7.133846436207012630e+03,5.101762747485470754e+03,3.318671054284589900e+03,5.781667089432307876e+03,1.301759280079754535e+04,1.099339364923344874e+04,1.873807063405905501e+04,5.982052534227553406e+04,6.981307660414096063e+03,1.270484921345295152e+04,1.873147183809381750e+04,3.094206812271482704e+03,9.485162963031763866e+03,1.321926053684059480e+04,1.659754603132811462e+04,5.145027424198495282e+03,4.143784455618239917e+03,2.321666824834805993e+03,6.225981388743101888e+03,1.585731110305399125e+04,2.435170796792685360e+04,4.768874180182844611e+03,1.663781645692011080e+04,7.144160455061723769e+04
5.358174167841812050e+03,7.026755638416268994e+03,6.074805941714686014e+03,4.788210338941211376e+03,1.249445748510650628e+04,7.404179385855360124e+03,1.093677767905325345e+04,4.631076295148758618e+03,1.364662891392643360e+04,8.011912029432885902e+03,7.627703996520747751e+03,2.506003183695915141e+04,1.335404280730125174e+04,7.572950822593203156e+03,4.862229861163965325e+03,0.000000000000000000e+00,1.246347989598826280e+04,4.205265026156623207e+03,1.245898926920847225e+04,5.497382279979796294e+03,1.101162952910088279e+04,7.713883531679714906e+03,7.457746201393258161e+03,7.459058305472330176e+03,5.892160507329275788e+03,4.757769644473163680e+03,1.525366919046893236e+04,1.538461254395818651e+04,1.533946059849708035e+04,2.412965590285808867e+04,4.666899042106687375e+03,1.650025427304343248e+04,2.744532113733741880e+03,8.817483280519476466e+03,5.150862887644714647e+03,1.538026658325304652e+03,3.006997926447354985e+03,8.112968681728563752e+03,6.324209846967972226e+03,2.475647065785877658e+03,8.141500703130557667e+03,4.366369653202230438e+03,1.749242111944991848e+04,2.307982426023970402e+04,2.507882064853435440e+04,2.980879331830820229e+04,7.411684351059948312e+03,8.319448297015072967e+03,1.429904870705415851e+04,8.589324379714393217e+03,1.045536175434689903e+04,2.225699255098572758e+04,5.472525289685155258e+03,3.744510352576069181e+03,1.835757162504279768e+04,5.300094181445711001e+03,2.151607115754689221e+04,7.992910648543860589e+03,9.052167101920034838e+03,2.712303605459919254e+03,4.047270164049426967e+03,7.807756949628450457e+03,1.551516410880248986e+04,1.367085767400123586e+04,2.180011749713527388e+04,6.243776783717579383e+04,1.085640884202324924e+04,1.588221659458467730e+04,2.180520071831995665e+04,5.863566873394916001e+03,1.198058754417372620e+04,1.563584630825200657e+04,1.935263503061229130e+04,9.104699097182117839e+03,5.862022756690179449e+03,5.850250575452467274e+03,1.031860118368376607e+04,1.869333353773517229e+04,2.725028179492531490e+04,7.071798601600995426e+03,1.969253342637454625e+04,7.476087017009554256e+04
9.776868457764352570e+03,6.971863157203297305e+03,7.117253464257250926e+03,8.138114030576732148e+03,2.888355253496220030e+03,1.544567827674535511e+04,2.221542789073910899e+04,1.285205530493289370e+04,2.480943573542486411e+04,5.213258998487069221e+03,1.662227514681795583e+04,3.658715094258774479e+04,2.319047507459717235e+04,1.633256926800136898e+04,1.529658200197295628e+04,1.246347989598826280e+04,0.000000000000000000e+00,1.400023182530915437e+04,2.261830399693211803e+04,1.576680467151744233e+04,2.101744404875323380e+04,1.686572003417133237e+04,1.711031917589551813e+04,1.789851052147050723e+04,1.427617151941260454e+04,1.321942616174284922e+04,2.618073863769645686e+04,2.652909145849441120e+04,2.652597698824721738e+04,3.437791165043749061e+04,1.450696950023660611e+04,2.704844888864629320e+04,1.448348076319197571e+04,1.924427822791039580e+04,1.611892047097596333e+04,1.156550518558813565e+04,1.082688973111393534e+04,4.929614969886422841e+03,1.777783934616834449e+04,1.032634878683645366e+04,1.949242878081876552e+04,1.629964205720495374e+04,2.832596871168075450e+04,3.383281281368514465e+04,3.573402844301739970e+04,4.034719000120217243e+04,1.716943531995252124e+04,1.765115106976707466e+04,2.547135500757817135e+04,1.793818426390413151e+04,2.055884550748606489e+04,3.274714918273639341e+04,7.610756977851112424e+03,1.537131263732952175e+04,2.928529949380092512e+04,1.528304362283132468e+04,3.182471664381395021e+04,1.846265285049920203e+04,1.921670114772559828e+04,1.098064930559247114e+04,1.475857668920100696e+04,1.857492841955299082e+04,2.644942609040915704e+04,2.479940390247624237e+04,3.317393506637115206e+04,7.260665311836253386e+04,2.118623884912058566e+04,2.715855829887625805e+04,3.330653391074844694e+04,1.401650880410720129e+04,2.261581368977697639e+04,2.664101116416420336e+04,3.026413392863004628e+04,1.932361502882156492e+04,1.297330954409143123e+04,1.449840905207992546e+04,2.017148510395859194e+04,2.883884832740360798e+04,3.671053744432036183e+04,1.646095912629917075e+04,2.953416675097534971e+04,8.343388298323238268e+04
6.424243988091225219e+03,8.433441024800473315e+03,7.712653562904581122e+03,6.602747514837619747e+03,1.406658756240112052e+04,7.959561314301045059e+03,1.173966492669110085e+04,6.221519326176814502e+03,1.429946313374613419e+04,9.581195430118668810e+03,8.421652900436529308e+03,2.407499607014593857e+04,1.399059301001745371e+04,8.613907392025879744e+03,6.151531454302224120e+03,4.205265026156623207e+03,1.400023182530915437e+04,0.000000000000000000e+00,1.284388147618527182e+04,6.388606828884124297e+03,1.110160634296321405e+04,9.221579807845904725e+03,8.142947882463286987e+03,7.881798967305108818e+03,7.368501641732107601e+03,6.058580947339036356e+03,1.449898916815687335e+04,1.487378621700878466e+04,1.483319423465801628e+04,2.505726118795914590e+04,7.316831769558943961e+03,1.734578406778768476e+04,2.906790407563394638e+03,9.604153395908271705e+03,3.782600616738293411e+03,4.421654485766898688e+03,6.299173225765901407e+03,9.779187998528674143e+03,7.492812989633186589e+03,4.930146708219579523e+03,9.138296738985700358e+03,6.074525632768851210e+03,1.799064052113673461e+04,2.348114282787900811e+04,2.545230861670189552e+04,3.012739373517941931e+04,7.582620671078406303e+03,9.166264357824400577e+03,1.474640448126559568e+04,9.515680834591636085e+03,1.105092523904613154e+04,2.227947619203497379e+04,7.960280951216717767e+03,5.563397942072256228e+03,1.885378480210881389e+04,6.497341167065633272e+03,2.153328645139099535e+04,9.611173157505732888e+03,1.004834996423880875e+04,5.555706143968759534e+03,6.045983836243269252e+03,9.211334661548686199e+03,1.604435076817543813e+04,1.398510250599108986e+04,2.029508114685251712e+04,6.260149558080242423e+04,1.138736901699510963e+04,1.509654273375986304e+04,2.117914625619101571e+04,7.965473126398418572e+03,1.310946781877083231e+04,1.621443678438322968e+04,1.969396975171798113e+04,9.961973480110576929e+03,6.526344811740301338e+03,7.403123278325722822e+03,1.126898490615408991e+04,1.894682365743712944e+04,2.745642359802809733e+04,8.763504811058146515e+03,2.036696875532770719e+04,7.482939349768214743e+04
1.438692759193170059e+04,1.756524958730000435e+04,1.749711748206858829e+04,1.602109611186362963e+04,2.297741803919658196e+04,9.455972630684356773e+03,7.360367338190421833e+03,1.034408973517272170e+04,8.691034411865754009e+03,1.904627884641766650e+04,7.054355074391526614e+03,1.576909259250501964e+04,4.486747803501748422e+03,7.439076114911193145e+03,8.396993634419619411e+03,1.245898926920847225e+04,2.261830399693211803e+04,1.284388147618527182e+04,0.000000000000000000e+00,7.893683458347854867e+03,4.298552940847044738e+03,6.803927319849741252e+03,6.774318193956956748e+03,6.044916312517239930e+03,9.128474220981761391e+03,1.036218984399217879e+04,6.122862412378064619e+03,6.292393050282244985e+03,6.284333679748055147e+03,1.604203083018933648e+04,1.004139562114530236e+04,9.690649601862758573e+03,1.134940172889091446e+04,7.720676060619003692e+03,1.199448354200308859e+04,1.269066760422629704e+04,1.298423639748565802e+04,1.899162545657411465e+04,7.698947456618174328e+03,1.420103367745128708e+04,7.109396401832154879e+03,9.412756011882633175e+03,1.047101866853293359e+04,1.554684225107410930e+04,1.711969473284629566e+04,2.150697568876512014e+04,6.674553180814319603e+03,6.237554376578842493e+03,6.911214121497243468e+03,7.021061199538449728e+03,3.769000062502685523e+03,1.374854488511168347e+04,1.594588605864283636e+04,9.283172509377985989e+03,1.166909739865021220e+04,8.314563929131803889e+03,1.270120699798771602e+04,7.739792381024751194e+03,8.342556729538664513e+03,1.278402161686960790e+04,9.412435437799469582e+03,7.445218985396375501e+03,9.056394880625761289e+03,7.209016052470148679e+03,1.333695340198247686e+04,5.349605582608115219e+04,5.233704345678996106e+03,7.067252957614517982e+03,1.223569890261690489e+04,9.557070457373918543e+03,7.313261648492170025e+03,9.428907827604691192e+03,1.129298578542310679e+04,4.919952096543038351e+03,1.133665000202060946e+04,9.125044851716262201e+03,4.129499310546275410e+03,1.010857441824349007e+04,1.831809446842169200e+04,8.152056614407377310e+03,1.151142453482980636e+04,6.494541877980487334e+04
